threshold,FAS2,FAS1,HTD2,ETR1,OAR1,CEM1,LIP2,MCT1,MLS1,ACS1,DAL7,ACS2,LSC1,LAT1,LSC2,CIT1,CIT3,ACC1,HFA1,CIT2,ACH1,ICL1,LYS20,LYS21,PCK1,ACO2,SHM1,SHM2,ADE3,MIS1,GCV1,MTD1,MET12,CDC21,DFR1,MET13,YND1,ADE8,ADE12,GCV3,MET7,GUA1,ADE13,AMD1,HPT1,APT2,APT1,LPD1,HAM1,GCV2,RMA1,FAU1,FMT1,FOL3,PDA1,PDB1,PDX1,IRC15,MAE1,PKP1,PTC5,PGI1,TAL1,TKL1,TPI1,ZWF1,PGK1,NQM1,TKL2,FBA1,ENO2,GPM1,CDC19,ENO1,PYK2,PFK1,ERR3,TDH1,TDH3,SDH2,SDH1,FAA3,SDH4,SDH3,YJL045W,SDH5,GDH2,IDH1,KGD1,AAT1,AAT2,GDH3,GDH1,IDH2,SHH3,FUM1,SHH4,KGD2,PKP2,PYC2,ILV2,HSP82,HSC82,AHA1,STI1,SBA1,HSP104,CPR6,FES1,PYC1,PTC6,YMR31,SIS1,BTN2,HSP78,HSP26,CUR1,YJL144W,MDH1,MBF1,ACO1,ICL2,CYT1,QCR2,SIP5,TDH2,MDH3,IDP3,ATP2,ATP15,ATP6,PDE1,PDE2,"ADE5,7",MCM4,MCM5,MCM3,MCM7,RAD51,SGS1,RAD52,ADE1
800,0.07445540984105219,0.07445540984105219,0.06829808311848781,0.06651219570257912,0.06602336364918557,0.06488845509306829,0.06019590172726665,0.05670658802296434,0.033037137678001996,0.03211278266523043,0.03137259601461517,0.03044824100184361,0.030109386743556076,0.02891791684491668,0.02857906258662915,0.02839343925656693,0.028111945102131976,0.02762209541700928,0.02762209541700928,0.026730338814873546,0.025587890539534523,0.02354472542968777,0.02316907706751383,0.02316907706751383,0.01993678535770979,,,,,,,,,,,,,,,,,,,,,,,,,,,,,,,,,,,,,,,,,,,,,,,,,,,,,,,,,,,,,,,,,,,,,,,,,,,,,,,,,,,,,,,,,,,,,,,,,,,,,,,,,,,,,,,,,,,,,
801,0.0749678984534836,0.06828399386945685,0.06876257140729143,0.06828399386945687,0.06603242950583345,0.06504767526441974,0.06193660422093112,0.04633010717787635,0.033223261098217084,0.03264350220379357,0.03165627862275619,0.031076519728332693,0.03213170666436489,0.029520506850906916,0.03057569378693912,0.02879462553571211,0.028432802700012052,0.029520506850906916,0.029520506850906916,0.026963740628668926,0.027370948796034945,0.023261552623714488,0.024944002839050426,0.024944002839050416,,0.015774567611882978,,,,,,,,,,,,,,,,,,,,,,,,,,,,,,,,,,,,,,,,,,,,,,,,,,,,,,,,,,,,,,,,,,,,,,,,,,,,,,,,,,,,,,,,,,,,,,,,,,,,,,,,,,,,,,,,,,,,
802,,,,,,,,,,,,,,,,,,,,,,,,,,,0.05755469688014476,0.056738322798748686,0.04837107697697019,0.04837107697697019,0.04817650186308999,0.04673445020340898,0.04601843730452082,0.04461333183188556,0.04419184304446601,0.043704605653511405,0.038319122447913544,0.03699651182581198,0.03663141670765692,0.035702746979949275,0.03503321132459196,0.03492688919158063,0.03482508233241008,0.034344791214902186,0.033608067398860374,0.033185118217352,0.03289889016767154,0.03261005872854998,0.032363206374151264,0.03222149400859175,0.03185904954628994,,,,,,,,,,,,,,,,,,,,,,,,,,,,,,,,,,,,,,,,,,,,,,,,,,,,,,,,,,,,,,,,,,,,,,,,,,,,,,,,,,,,,,,,,,,
803,,,,,,,,,,,,,,,,,,,,,,,,,,,0.061379958652640884,0.060509325844591726,0.05158596718896789,0.05158596718896789,0.05137846001592744,0.049840565177726524,0.04907696386435265,0.047578470770165165,0.04712896854451294,0.04660934786137229,0.03228389323725073,0.03945541353278633,0.030861999716374773,0.03807566110509718,0.03736162605548374,0.029425933835070653,0.029340161469674015,0.02893551579488066,0.028314825353580417,0.027958490308612746,,0.03477742330199124,,0.034363033378357756,0.03397649974485967,0.02976519549470793,0.028430332562046724,,,,,,,,,,,,,,,,,,,,,,,,,,,,,,,,,,,,,,,,,,,,,,,,,,,,,,,,,,,,,,,,,,,,,,,,,,,,,,,,,,,,,,,,,
804,,,,,,,,,,,,,,,,,,,,,,,,,,,0.058654826835864496,0.057822848162129285,0.049295666518004655,0.049295666518004655,0.049097372195736254,0.04762775642201231,0.046898057285832545,0.045466093907497396,0.045036548567508286,0.044539997871499676,0.03669720139404109,0.037703682102487625,0.03508093062666476,0.03638518757269392,0.035702854069883515,0.03344855009331196,0.03335105238001348,0.0328910903886888,0.032185549642398954,0.031780502493567335,0.03150638952560923,0.033233384093980474,0.030993379446084095,0.032837392148941866,0.03246801973754333,,,,,,,,,,,,,,,,,,,,,,,,,,,,,,,,,,,,,,,,,,,,,,,,,,,,,,,,,,,,,,,,,,,,,,,,,,,,,,,,,,,,,,,,,,,
805,,,,,,,,,,,,,,,,,,,,,,,,,,,0.061394163432269326,0.06052332913911905,0.05159790540645655,0.05159790540645655,0.051390350211329906,0.04985209946775289,0.04908832143890679,0.04758948155784218,0.04713987530670348,0.04662013437100067,0.032255292510465744,0.03946454445217247,0.030834658663812138,0.038084472717015434,0.03737027242273989,0.02939986501221139,0.02931416863368442,0.028909881439830917,0.028289740876378405,0.02793372151332649,,0.03478547162337974,,0.034370985800080085,0.03398436271352266,0.029772083867588603,0.028436912015954354,,,,,,,,,,,,,,,,,,,,,,,,,,,,,,,,,,,,,,,,,,,,,,,,,,,,,,,,,,,,,,,,,,,,,,,,,,,,,,,,,,,,,,,,,
806,,,,,,,,,,,,,,,,,,,,,,,,,,,0.058425232310711575,0.055915167969447295,0.04783906240033764,0.049389478762820425,0.04718165426950839,0.04576616428924809,0.04539682933182195,0.04420761115176266,0.045331322869426455,0.04300206267898091,0.038527135510690785,0.036488371834188536,0.03683026816083377,0.034999205115874815,0.036474897724912754,0.03511648771915384,0.035014128207541524,0.03453122985844805,0.0337905067812644,0.03336526164543806,0.0330774798239209,0.03188569918059222,0.032538888102988606,0.03151506407606431,0.03339079022402183,,,,,,,,,,,,,,,,,,,,,,,,,,,,,,,,,,,,,,,,,,,,,,,,,,,,,,,,,,,,,,,,,,,,,,,,,,,,,,,,,,,,,,,,,,,
807,,,,,,,,,,,,,,,,,,,,,,,,,,,0.062264433629059084,0.059589429552906456,0.0509826321247872,0.052634928450898975,0.05028202481335138,0.04877352106517959,0.04837991660638593,0.047112553285535305,0.048310105625431546,0.04582778658626159,0.031918141102187825,0.03888607227473068,0.03059999853132479,0.03729905039004322,0.03887171276344537,0.029132339597307617,0.029705351301724015,0.02868001958137913,0.028716856441778855,0.02835652002056404,,0.03398095175365077,,0.033585961713324536,0.03558494437247228,0.031125827261832762,,0.029398921154436937,,,,,,,,,,,,,,,,,,,,,,,,,,,,,,,,,,,,,,,,,,,,,,,,,,,,,,,,,,,,,,,,,,,,,,,,,,,,,,,,,,,,,,,,
808,,,,,,,,,,,,,,,,,,,,,,,,,,,0.06158126382977772,0.05879178369409598,0.04989271385762998,0.0516017883787915,0.051006722406672554,0.047655953733192,0.04925105708616346,0.04776328182982894,0.04914748433423217,0.04661919562617781,0.03107662125863839,0.03740915802949259,0.030706630613640803,0.038068510130582364,0.03957508039658375,0.02919321049338526,0.029817506145978785,0.027976843236279803,0.02808059741788823,,,0.034678246625829315,,0.03426317493430698,0.03618419725788198,0.031273605801829814,0.0281940853155582,0.030191287565561734,,,,,,,,,,,,,,,,,,,,,,,,,,,,,,,,,,,,,,,,,,,,,,,,,,,,,,,,,,,,,,,,,,,,,,,,,,,,,,,,,,,,,,,,
809,,,,,,,,,,,,,,,,,,,,,,,,,,,,,,,,,,,,,,,,,,,,,,,,,,,,,,,0.15617805689676378,0.13608659668234102,0.12190909068454601,0.10181790972746503,0.07184857309179885,0.0509092919571635,0.0509092919571635,0.01901316412073489,0.018492347667855975,0.018376183558673487,0.018119393318602815,0.0180660276130089,0.01800596008536983,0.017584538663040637,0.017584538663040637,0.017470181678901308,0.01732829021428,0.017092453030011744,0.01686929079021429,0.01684151113538251,0.016492290053791922,0.01632869161174365,0.016159454322143028,0.0152584362379814,0.0152584362379814,,,,,,,,,,,,,,,,,,,,,,,,,,,,,,,,,,,,,,,,,,,,,,,,,,,,,,,,,,,,,,,
810,,,,,,,,,,,,,,,,,,,,,,,,,,,,,,,,,,,,,,,,,,,,,,,,,,,,,,,0.15452331895979254,0.13464473180888809,0.12061743933975606,0.10073912848740567,0.0710873230034408,0.0503698977655611,0.0503698977655611,0.019592395955914787,0.01871240035356333,0.018608084404924497,0.01837495291397587,0.018285597614392992,0.018261533885583957,0.017800509190225886,0.017800509190225886,0.018014942855798168,0.017870250855192584,0.017624630892387253,0.0173951728338207,0.017366271251436433,0.017003100211769255,0.01683307113165004,0.016656521334129818,0.015724158997301677,0.01572415899730167,,,,,,,,,,,,,,,,,,,,,,,,,,,,,,,,,,,,,,,,,,,,,,,,,,,,,,,,,,,,,,,
811,,,,,,,,,,,,,,,,,,,,,,,,,,,,,,,,,,,,,,,,,,,,,,,,,,,,,,,0.15627986820927786,0.13617531052152623,0.12198856231312565,0.10188428406476162,0.07189541064167036,0.05094247934556049,0.05094247934556049,0.01911445294773446,0.018256461603889558,0.01815399285083523,0.01792142477697444,0.017831093944705757,0.01781325093697659,0.017363953700903403,0.01736395370090341,0.01756919245446703,0.017427212765061127,0.01718498236324673,0.01696117094827663,0.016932654471383063,0.016577797101683965,0.01647117319175836,0.016240211947729448,0.015354312925994082,0.015354312925994082,,,,,,,,,,,,,,,,,,,,,,,,,,,,,,,,,,,,,,,,,,,,,,,,,,,,,,,,,,,,,,,
812,,,,,,,,,,,,,,,,,,,,,,,,,,,,,,,,,,,,,,,,,,,,,,,,,,,,,,,0.14580395778684285,0.12704706917401987,0.11381130144135033,0.09505467353625084,0.06707604465233045,0.04752765147018637,0.04752765147018637,0.021981689154051222,0.021034097274418274,0.020915616257944702,0.02060025656765055,0.020544502520827117,0.020480545958280402,0.020005848281089984,0.020005848281089984,0.02019930808222752,0.020035123947274795,0.019899017753809787,0.019487996504966743,0.01946548147814393,0.018544656308389966,0.018932392510660173,0.01866708351667251,0.01767609303566761,0.01767609303566761,,,,,,,,,,,,,,,,,,,,,,,,,,,,,,,,,,,,,,,,,,,,,,,,,,,,,,,,,,,,,,,
813,,,,,,,,,,,,,,,,,,,,,,,,,,,,,,,,,,,,,,,,,,,,,,,,,,,,,,,0.14597404493330432,0.12719527553131016,0.11394406765559482,0.09516555926545195,0.06715429200037237,0.04758309470190163,0.04758309470190163,0.021935332522620758,0.020989738995671393,0.020871507840833737,0.02055681320465933,0.020501176736143073,0.020437355049982633,0.019963658450785283,0.019963658450785283,0.020156710269413593,0.019992872378253933,0.01985705321571734,0.019446898759249032,0.01942443121380005,0.018505547949088375,0.01889246646423295,0.018627716973710347,0.017638816367608005,0.017638816367608005,,,,,,,,,,,,,,,,,,,,,,,,,,,,,,,,,,,,,,,,,,,,,,,,,,,,,,,,,,,,,,,
814,0.08477655006150739,0.07520705012599879,0.06616317300956187,,0.07828547758091235,0.07279462080036331,0.03602022387123388,0.05253332815418167,0.02694856569804035,0.027976713687617363,,,,,,,,,,,,,,,,,,,,,,,,,,,,,,,,,,,,,,,,,,,,,,,,,,,,,,,,,,,,,,,,,,,,,,0.036656201215008746,0.035667142423981786,0.03563380591897374,0.03418176428100405,0.03336917913999674,0.03188380099701902,0.028374456629193304,0.027822128670321244,0.027755129211260214,0.027755129211260214,0.026988988931022136,0.026988988931022136,0.026840959973706887,0.026840959973706887,0.0265650944508701,0.025970567052235806,,,,,,,,,,,,,,,,,,,,,,,,,,,,,,,,,,,,,,,,,,,,,,,
815,0.08566013903954436,0.07599090038310168,0.06685276288295007,,0.07910141294370628,0.07355332735958181,0.03639564694254258,0.05308086010379459,0.02722780254959476,0.028266604048926548,0.02523799162664229,0.026154430927430045,,0.024958168438302605,,0.02345354914692018,0.023173662995627797,,,,,,,,,,,,,,,,,,,,,,,,,,,,,,,,,,,,,,,,,,,,,,,,,,,,,,,,,,,,,,,0.03735182488497745,0.036571638226889525,0.03600520152462968,0.03534499905499564,0.03469668541643406,0.03347004624454016,0.025762331512503695,,,,,,,,,0.028100118870911493,0.030731702916534282,0.028100118870911486,0.024758073088007024,,,,,,,,,,,,,,,,,,,,,,,,,,,,,,,,,,,,,,,,,,,,
816,0.08569429202693096,0.07602119821230645,0.06687941730580181,,0.07913295094479778,0.07358265332017117,0.03641015801017441,0.05310202362239169,0.02741096158215004,0.02845851266449899,0.025480872475435328,0.02640362707859439,,0.02518477784222508,,0.02366356469769874,,,,0.02309807741059978,,,,,,,,,,,,,,,,,,,,,,,,,,,,,,,,,,,,,,,,,,,,,,,,,,,,,,,,,,,,0.037182177166855956,0.03640553402736881,0.03601955692035177,0.03518446611034965,0.034539097038211466,0.03331802912119231,0.02564532194823087,,,,,,,,,0.02797249134374051,0.030592123035502152,0.027972491343740507,0.02464562475067946,,,,,,,,,,,,,,,,,,,,,,,,,,,,,,,,,,,,,,,,,,,,
817,0.0856050032367236,0.07594198825960208,0.0668097325914555,,0.07905049871503694,0.07350598419857861,0.03637222060637435,0.05304669420272259,0.030667315799045008,0.030324365542290885,,0.027779963885207083,,0.026422262119041803,,0.024827850216817694,0.02404904671146697,,,0.024286682884503297,,,,,,,,,,,,,,,,,,,,,,,,,,,,,,,,,,,,,,,,,,,,,,,,,,,,,,,,,,,,0.03621791969729881,0.03546141749644122,0.03598202650163716,0.0342720159300647,0.033643383423556814,0.03245398185718028,0.024980253489845314,,,,,,,,,0.02724707164603739,0.029798767578821442,0.02724707164603739,0.024006481764213113,,,,,,,,,,,,,,,,,,,,,,,,,,,,,,,,,,,,,,,,,,,,
818,0.08549229022687792,0.07584199819188678,0.0667217666342959,,0.07894641578409729,0.07340920152925513,0.036324330619757796,0.05297684954014581,0.027243632941530004,0.028284312814548823,0.025318045694816448,0.026235269666259543,,0.025024037499695225,,,,,,,,,,,,,,,,,,,,,,,,,,,,,,,,,,,,,,,,,,,,,,,,,,,,,,,,,,,,,,,,,,0.03866859315315217,0.03768450574068183,0.035934650269477786,0.034148202612944475,0.03577125239273084,0.034148202612944475,0.029681576160038102,0.0244564059557028,,0.02438284051522751,,,,0.023584935716105128,,0.027811747652789817,,0.027811747652789817,0.024097188422248634,,,,,,,,,,,,,,,,,,,,,,,,,,,,,,,,,,,,,,,,,,,,
819,0.08583729321601986,0.07614805755711446,0.06699102142754772,,0.07926500298482939,0.07370544337622058,0.036470916968177516,0.053190636905043505,0.02735357425641312,0.028398453779084305,0.025420216328224002,0.02634114174468653,,0.025125021666979577,,0.023607703739542688,,,,0.023037197889770586,,,,,,,,,,,,,,,,,,,,,,,,,,,,,,,,,,,,,,,,,,,,,,,,,,,,,,,,,,,,0.03703814292034148,0.03631382164563796,0.03607966406807693,0.033633150291157626,0.034880771160219655,0.033633150291157626,0.025265542020611848,,,,,,,,,0.02824870076025175,0.030918492823054745,0.02824870076025175,0.024848181419584867,,,,,,,,,,,,,,,,,,,,,,,,,,,,,,,,,,,,,,,,,,,,
820,,,,,,,,,,,,,,,,,,,,,,,,,,,,,,,,,,,,,,,,,,,,,,,,,,,,,,,0.12704326851295056,0.1176496226292902,0.10934186451943476,0.09360946662785746,0.0494319334830231,0.02794609196926324,,0.02186435674993409,0.020936349171154753,0.020818972408225413,0.02046709288768926,0.0204528868684172,0.02032348325111789,0.020509412469228213,0.020509412469228216,0.02006942557879498,0.019904581546065687,0.01977041166399268,0.019361793012545266,0.019339470036186406,0.01843038161900829,0.018813159940700853,0.01855117223614201,0.01756743386105144,,,,,,,,,,,,,,,,,,,,0.10934186451943476,0.02794609196926324,,,,,,,,,,,,,,,,,,,,,,,,,,,,,,,,,,,,,,,,,,,
821,,,,,,,,,,,,,,,,,,,,,,,,,,,,,,,,,,,,,,,,,,,,,,,,,,,,,,,0.11187186965379514,0.10528222234220014,0.07722706060106632,0.06699409309243987,0.06122430452818974,0.02157068310612636,,0.022054056487403897,0.021463014364127116,0.021329403057469224,0.020969158788758394,,0.02077311086041122,0.021272367832469014,0.021198639343727992,,,,,,,,,,,,,,,,,,,,,,,,,,,,,0.0772270606010663,0.02157068310612636,0.06122430452818974,0.06122430452818974,0.026703676747008798,0.02594982373882236,0.02340381440225472,0.022535756677686647,0.02238807747269152,0.022257087185716118,0.021329841880509588,0.020955585073553707,,,,,,,,,,,,,,,,,,,,,,,,,,,,,,,,,
822,,,,,,,,,,,,,,,,,,,,,,,,,,,,,,,,,,,,,,,,,,,,,,,,,,,,,,,0.12202345230562445,0.11381214196064472,0.0956138573743591,0.08231257099622787,0.05630816509682277,0.02540678398233148,,0.02218542103755107,0.021637462828000272,0.021502279193875075,0.021088773608327015,0.02087574320582475,0.02087987318416429,0.021611256107249423,0.0215357795204482,0.020332058976386756,0.020161583658043488,0.020064677046644525,0.01915513068128339,0.019589261724753334,0.01871584276284315,0.019060298074204823,0.01879878022087681,,,,,,,,,,,,,,,,,,,,,0.0956138573743591,0.02540678398233148,0.05630816509682277,,,,,,,,,,,,,,,,,,,,,,,,,,,,,,,,,,,,,,,,,,
823,,,,,,,,,,,,,,,,,,,,,,,,,,,,,,,,,,,,,,,,,,,,,,,,,,,,,,,0.11574289851009735,0.10892523395900348,0.0798992978757205,0.06931224571083433,0.06334280894104252,0.022317079291444178,,0.022438766291940304,0.021864134060012766,0.021726975842649723,0.02132535327346675,0.021090809933222696,0.02111584942918254,0.021842332137747406,0.02176540284505349,0.02056967294704785,0.020396200782904043,0.020297469967131217,0.019372006283878293,0.019814825060124476,0.018926090131950717,,0.01901255167629574,,,,,,,,,,,,,,,,,,,,,0.0798992978757205,0.022317079291444178,0.06334280894104252,,,,,,,,,,0.06334280894104252,,,,,,,,,,,,,,,,,,,,,,,,,,,,,,,,
824,,,,,,,,,,,,,,,,,,,,,,,,,,,,,,,,,,,,,,,,,,,,,,,,0.06915127257450406,,,,,,,0.10839539186638499,0.09754486738262921,0.07719713771701102,0.058017286915753634,0.04890769593444961,0.025882908310519377,0.025882908310519377,0.023461327290963587,0.022866473076071456,0.022715388014815704,0.022237439126676438,0.022660975913421148,0.02206384535021427,0.022879430779821887,0.02279422205714558,0.02143682629362296,0.02128519581123515,0.021749997631646225,0.0200976044166289,0.02128519581123515,,,,,,,,,,,,,,,,,,,,,,,,0.07719713771701102,,0.04890769593444961,,,,,,,,,,0.04890769593444961,0.026474079828819948,,,,,,,,,,,,,,,,,,,,,,,,,,,,,,,
825,,,,,,,,,,,,,,,,,,,,,,,,,,,,,,,,,,,,,,,,,,,,,,,,0.06947682141741998,,,,,,,0.10890569331255873,0.09800408696784493,0.07756056470721022,0.058290419425414915,0.049137942511676226,0.026004759298044015,0.026004759298044015,0.023157617231318206,0.022574337213965505,0.02242535856513988,0.021948259623516306,0.022371183014282425,0.0217633985307391,0.02277296530999827,0.02268824979009557,0.0211582785801548,0.021008058501866846,0.02146690167652192,0.019837122871118402,0.021008058501866846,,,,,,,,,,,,,,,,,,,,,,,,0.07756056470721022,,0.049137942511676226,,,,,,,,,,0.049137942511676226,0.026598713920640178,,,,,,,,,,,,,,,,,,,,,,,,,,,,,,,
826,,,,,,,,,,,,,,,,,,,,,,,,,,,,,,,,,,,,,,,,,,,,,,,,0.07107924844989674,,,,,,,0.10989371986734352,0.10029630345653169,0.07936772339055403,0.05959698583093071,0.05016091144462539,0.02177187782934757,0.02488097527189724,0.022991607949543774,0.022449330140805857,0.02230682072854319,0.021838063765750756,0.021650979458377274,0.021615235211223792,0.022614014326025826,0.02253332991118085,0.021091071338250236,0.02091053337800834,0.020775142835130267,0.019819665108409986,0.020311633509940114,,,,,,,,,,,,,,,,,,,,,,,,0.07936772339055406,,0.05016091144462539,,,,,,,,,,0.05016091144462539,0.022355280517878096,,,,,,,,,,,,,,,,,,,,,,,,,,,,,,,
827,,,,,,,,,,,,,,,,,,,,,,,,,,,,,,,,,,,,,,,,,,,,,,,,0.07401768520423498,,,,,,,0.1144367581319753,0.10444258174208049,0.08264880810381389,0.06206074251705864,0.05223457807777627,0.0226719335758544,0.02590956200877388,0.02071437487108087,0.019788146409982357,0.019673940632998554,0.01929057615215722,0.019687804851485746,0.019110812952499404,0.019636896547010146,0.0197543982905827,0.018966880826195916,0.01880069827041126,0.01921502514689413,0.017739678856554943,0.01880069827041126,,,,,,,,,,,,,,,,,,,,,,,,0.08264880810381389,,0.05223457807777627,,,,,,,,,,0.05223457807777627,0.02327945430080123,,,,,,,,,,,,,,,,,,,,,,,,,,,,,,,
828,,,,,,,,,,,,,,,,,,,,,,,,,,,,,,,,,,,,,,,,,,,,,,,,0.07177013445513344,,,,,,,0.1109618801922697,0.10127117747315748,0.08013917287199708,0.06017626493647591,0.05064847247661122,0.021983499167896502,0.025122816849950942,0.022426256739573776,0.021845086151038546,0.021707878956632967,0.02144687212719756,0.021113414577559313,0.021044825988696884,0.021832846741705665,0.021929072585910456,0.020569370651020224,0.02042571810247374,0.020427820567404286,0.019308140494520693,0.019840587572203423,,,,,,,,,,,,,,,,,,,,,,,,0.08013917287199708,,0.05064847247661122,,,,,,,,,,0.05064847247661122,0.022572572495350673,,,,,,,,,,,,,,,,,,,,,,,,,,,,,,,
829,,,,,,,,,,,,,,,,,,,,,,,,,,,,,,,,,,,,,,,,,,,,,,,,0.07061585035612306,,,,,,,0.11178153779742685,0.09958793797444525,0.07881907921867475,0.059272991091682804,0.050021926054742996,0.02198923917812077,0.02511312876808887,0.023005982124062154,0.022407927686633293,0.022267637519404943,0.022177855733844367,0.02165908084991733,0.021590645220918966,0.022392696764818892,0.02249116701960027,0.021105135065940285,0.020958207079428623,0.021152917312918733,0.019795169104531874,0.020359311809711674,,,,,,,,,,,,,,,,,,,,,,,,0.07881907921867475,,0.050021926054742996,,,,,,,,,,0.050021926054742996,0.022571644940802483,,,,,,,,,,,,,,,,,,,,,,,,,,,,,,,
830,,,,,,,,,,,,,,,,,,,,,,,,,,,,,,,,,,,,,,,,,,,,,,,,0.08629628374707146,,,,,,,0.11733400136112519,0.10239990985980968,0.09681061217481947,0.07139181707182538,0.037950970414823884,0.02529788256688007,0.029138297365114037,0.02217420886765539,0.021580101014425108,0.021446357230743222,0.021370929928005704,0.020904069453853053,0.02076621320218549,0.02161657914615674,0.02149347411745894,0.02036785200161987,0.020193431935683265,0.0203840202635025,0.019068556608552913,0.01961456757101804,0.018625149552158785,,,,,,,,,,,,,,,,,,,,,,,0.09681061217481947,0.020888317173991814,,,,,,,,,,,,0.026075785196700518,,,,,,,,,,,,,,,,,,,,,,,,,,,,,,,
831,,,,,,,,,,,,,,,,,,,,,,,,,,,,,,,,,,,,,,,,,,,,,,,,0.08639948204006288,,,,,,,0.11747431642597563,0.1025223658386903,0.09692638413493279,0.07147719170599806,0.03799635447070811,0.02532813529832852,0.029173142695853537,0.022109162759651767,0.02151679766999955,0.021383446212043918,0.021308240168721317,0.020842749189056854,0.020705297326681766,0.021553168796312833,0.021430424885481306,0.020308104683958782,0.02013419626407523,0.020324225517655135,0.01901262066062187,0.019557029947543686,0.01857051430016021,,,,,,,,,,,,,,,,,,,,,,,0.09692638413493279,0.02091329668159306,,,,,,,,,,,,0.026106968190960124,,,,,,,,,,,,,,,,,,,,,,,,,,,,,,,
832,,,,,,,,,,,,,,,,,,,,,,,,,,,,,,,,,,,,,,,,,,,,,,,,0.07879550823053397,,,,,,,0.11419290629296376,0.10063449117470423,0.0882115946516935,0.06558675241408395,0.04326504665981119,0.023703096425245047,0.027204517616284094,0.023163560306771653,0.022543075342088995,0.0224033714313976,0.022324293427069056,0.021836916479056563,0.02169213486240297,0.02258858613530881,0.022459937245175105,0.021276493918631113,0.021094272510405677,0.02129335053243803,0.019919267999831396,0.0204895940038413,0.019456111969836275,,,,,,,,,,,,,,,,,,,,,,,0.0882115946516935,,0.04326504665981119,,,,,,,,,,,0.024388479058921046,,,,,,,,,,,,,,,,,,,,,,,,,,,,,,,
833,,,,,,,,,,,,,,,,,,,,,,,,,,,,,,,,,,,,,,,,,,,,,,,,0.07776256662864196,,,,,,,0.11269593513052317,0.09931525921778277,0.08705521622440568,0.0647269662838481,0.04269787896705431,0.02339236913962795,0.02684788969882655,0.024029883802427827,0.022919589238791654,0.022809580854875444,0.02234992152717154,0.02287985466473459,0.02208788738539552,0.023095061352624468,0.022953436275352943,0.022016089523992904,0.021857537014735588,0.02226697627765518,0.020535661193854027,0.02185753701473559,0.020025040397278426,,,,,,,,,,,,,,,,,,,,,,,0.08705521622440568,,0.04269787896705431,,,,,,,,,,,0.02406876699420376,,,,,,,,,,,,,,,,,,,,,,,,,,,,,,,
834,,,,,,,,,,,,,,,,,,,,,,,,,,,,,,,,,,,,,,,,,,,,,,,,0.08534776003968622,,,,,,,0.11594796562781207,0.10127513936528496,0.09574778198251277,0.07060433606384765,0.03752438139254792,0.025005038795889407,0.028801644688071247,0.02286981428064185,0.022277329154429742,0.022157680153236808,0.0216948612162735,0.02159522177955422,0.021402919285747037,0.022361904122229218,0.022232176270972712,0.021020556060031198,0.02083745162157057,0.020635020552555026,0.01966750390229652,0.020234686440487513,0.019207243458851816,,,,,,,,,,,,,,,,,,,,,,,0.09574778198251277,0.020029572359053928,,,,,,,,,,,,0.02577422940390328,,,,,,,,,,,,,,,,,,,,,,,,,,,,,,,
835,,,,,,,,,,,,,,,,,,,,,,,,,,,,,,,,,,,,,,,,,,,,,,,,0.08510570134950018,,,,,,,0.11561912029342304,0.10098790830530434,0.0954762273138943,0.07040409187347733,0.03741795677629909,0.024934120860419642,0.02871995902479015,0.022839995886255373,0.022224382552030807,0.02210691546155056,0.02207698892639114,0.021548423087751567,0.02178209857396666,0.022272962222490086,0.022146010627999965,0.02141057375748698,0.02123084714529326,0.021029064030984146,0.020074306927826514,0.020240652278252617,0.01920156990722341,,,,,,,,,,,,,,,,,,,,,,,0.0954762273138943,0.019972765571764327,,,,,,,,,,,,0.025701129931730123,,,,,,,,,,,,,,,,,,,,,,,,,,,,,,,
836,,,,,,,,,,,,,,,,,,,,,,,,,,,,,,,,,,,,,,,,,,,,,,,,0.08473983997359245,,,,,,,0.11512208461001944,0.10055377082101417,0.09506578402586956,0.07010143132883785,0.037257100512467674,0.024826931428684865,0.028596494632179455,0.023509969670750513,0.021736314792202595,0.02236729323337222,0.021928286687105055,0.021804729187741477,0.02162790182843049,0.02261638100260945,0.022482196200788018,0.021618121181350838,0.021431885392020022,0.02121822135064008,0.020263277191778846,0.020806457746657483,0.019782195437561434,,,,,,,,,,,,,,,,,,,,,,,0.09506578402586957,0.019886904538050972,,,,,,,,,,,,0.02559064320040538,,,,,,,,,,,,,,,,,,,,,,,,,,,,,,,
837,,,,,,,,,,,,,,,,,,,,,,,,,,,,,,,,,,,,,,,,,,,,,,,,0.0849122401463164,,,,,,,0.11520719343839077,0.10075952470923452,0.09526114454933096,0.07023975748950166,0.03731830049342318,0.024830377773013317,0.028488873438022647,0.02319773344415303,0.021845181676971463,0.02243987845960534,0.022425719419084153,0.021046797693875033,0.022133912915876484,0.0224375448404415,0.022307576738994195,0.021742643987454513,0.02156123761311253,0.021351236832709976,0.020425866355164524,0.020543682571405583,0.01952458804426228,,,,,,,,,,,,,,,,,,,,,,,0.09526114454933096,0.019907465047311498,,,,,,,,,,,,0.024830377773013317,,,,,,,,,,,,,,,,,,,,,,,,,,,,,,,
838,,,,,,,,,,,,,,,,,,,,,,,,,,,,,,,,,,,,,,,,,,,,,,,,0.08489412569683365,,,,,,,0.11518261612324757,0.10073802953589898,0.09524082235328907,0.0702247731417029,0.03731033932707184,0.0248250806730542,0.028482795865957363,0.023592665895968104,0.02080559763772409,0.022408649869669624,0.022436631115654575,0.02104678662844856,0.02118471982202296,0.022495991986209225,0.02236185763742107,0.022125794144371422,0.02136010130663667,0.02177197963230619,0.02076625441570207,0.020940528491783555,0.019834737513326792,,,,,,,,,,,,,,,,,,,,,,,0.09524082235328907,0.01990321815935626,,,,,,,,,,,,0.0248250806730542,,,,,,,,,,,,,,,,,,,,,,,,,,,,,,,
839,,,,,,,,,,,,,,,,,,,,,,,,,,,,,,,,,,,,,,,,,,,,,,,,0.06830438431164598,,,,,,,0.10857341732441186,0.09694933463346092,0.07622603421620879,0.05735973475964269,0.04910705677518311,0.02127745578504407,0.024215990965543253,0.02494504652188372,0.021998217720589006,0.023693160237014184,0.023722745426153585,0.022253232165362548,0.02239907197616636,0.023785508985138173,0.023643685776796344,0.023394090633873214,0.022584506691855428,0.02301999473888183,0.021956619263340145,0.02214088309153914,,,,,,,,,,,,,,,,,,,,,,,,0.0762260342162088,,0.04910705677518311,,,,,,,,,,0.05183928122382977,0.02127745578504407,,,,,,,,,,,,,,,,,,,,,,,,,,,,,,,
840,,,,,,,,,,,,,,,,,,,,,,,,,,,,,,,,,,,,,,,,,,,,,,,,0.08488953321488554,,,,,,,0.11517638513752343,0.10073257995292334,0.09523567015042711,0.07022097422157367,0.037308320965277884,0.024823737721066465,0.028481255044083387,0.023459777191407512,0.020625794473825804,0.02226026064611047,0.02226620951833719,0.02148833969272972,0.02104565329657688,0.022378683835249578,0.022239958651429498,0.021973899517177986,0.021785939849960037,0.022183671652820806,0.020540517517243714,0.021349513726725892,0.01957177468784786,,,,,,,,,,,,,,,,,,,,,,,0.09523567015042711,0.019902141463302728,,,,,,,,,,,,0.024823737721066465,,,,,,,,,,,,,,,,,,,,,,,,,,,,,,,
841,,,,,,,,,,,,,0.0775287336339241,,,,,,,,,,,,,,,,,,,,,,,,,,,,,,,,,,,0.08128266971080829,,,,,,,0.10523403683930356,0.09481466236324444,0.08908703247951909,0.05837250234724033,0.04283957283959241,0.019685674980881734,0.02231767779042075,0.023219486861139338,0.02041453164188491,0.02203225654620501,0.022038144486204607,0.02126824211040605,0.02083008999688808,0.022149466767846692,0.02201216249778742,0.021748828514619775,0.021562794052835125,0.02195645202730921,0.020330128147479986,0.021130838090439842,0.019371307813618552,,,,,,,,,,,,,,,,,,,,,,,0.08908703247951909,,,,,,,,,,,,,0.019685674980881734,,,,,,,,,,,,,,,,,,,,,,,,,,,,,,,
842,,,,,,,,,,,,,0.07778840006200122,,,,,,,,,,,,,,,,,,,,,,,,,,,,,,,,,,,0.08155490916989756,,,,,,,0.10558649643947222,0.09513222442767146,0.08938541103450973,0.058568008948109124,0.04298305511175401,0.019751608070034316,0.022392426227589576,0.02304856697557744,0.020311290472036343,0.021918114158775037,0.02187110555123419,0.02115972820392959,0.02066532075744855,0.022041939345649676,0.02190459060757985,0.02111787209862445,0.021396228182025336,0.021834862463319848,0.020219621563311724,0.020966211417913713,0.01926498960699109,,,,,,,,,,,,,,,,,,,,,,,0.08938541103450973,,,,,,,,,,,,,0.019751608070034316,,,,,,,,,,,,,,,,,,,,,,,,,,,,,,,
843,,,,,,,,,,,,,0.07786615551455205,,,,,,,,,,,,,,,,,,,,,,,,,,,,,,,,,,,0.08163642953624002,,,,,,,0.10569203821443307,0.0952273163585589,0.08947475858608415,0.05862655215040062,0.04302601996126328,0.019771351312251252,0.02241480916943759,0.022967298621455134,0.020244470072949675,0.0218438114400719,0.021791932634185687,0.021088852030980605,0.02057684756060638,0.022145073627212724,0.022007298403813803,0.021042525105777494,0.021318581985522618,0.021755776675959803,0.020147359869010725,0.020890848973308253,0.01919778229758889,,,,,,,,,,,,,,,,,,,,,,,0.08947475858608415,,,,,,,,,,,,,0.019771351312251252,,,,,,,,,,,,,,,,,,,,,,,,,,,,,,,
844,,,,,,,,,,,,,0.07173317147526662,,,,,,,,,,,,,,,,,,,,,,,,,,,,,,,,,,,0.07750637193164371,,,,,,,0.10105035696262978,0.091724825790851,0.08131412982898176,0.05349285354319773,0.044750925868233385,,0.020487254399540113,0.024329104637509424,0.021447086831588545,0.0231413884239117,0.02302711643272382,0.02234081433033704,0.021739045269467953,0.023468602192843187,0.02332194872442698,0.022230968612701043,0.022524004576575586,0.022585266606462814,0.02128059364307807,0.02212255542120772,0.020329014409183534,,,,,,,,,,,,,,,,,,,,,,,0.08445116058444875,,0.035438060703477346,,,,,,,,,,,,0.024163378799712438,,,,,,,,,,,,,,,,,,,,,,,,,,,,,,
845,,,,,,,,,,,,,0.07195812052461516,,,,,,,,,,,,,,,,,,,,,,,,,,,,,,,,,,,0.07774942524053705,,,,,,,0.10136724218138676,0.09201246694680387,0.08156912393878407,0.05366060252604635,0.04489126091859423,,0.02055150066533538,0.02412638862765448,0.021230465634484375,0.022955064465242397,0.02281958351999417,0.022114180992868014,0.021531433187754127,0.023610189966796195,0.023451661196560877,0.022031917284492306,0.022320073703685432,0.022382138772177092,0.02108984906165769,0.0219234121614441,0.02014956184484653,,,,,,,,,,,,,,,,,,,,,,,0.08471599215259432,,0.03554919141054151,,,,,,,,,,,,0.024239153075103527,,,,,,,,,,,,,,,,,,,,,,,,,,,,,,
846,,,,,,,,,,,,,0.06638839251689184,,,,,,,,,,,,,,,,,,,,,,,,,,,,,,,,,,,0.07037091415058194,,,,,,,0.09911860334430168,0.0905610152624298,0.0738946334939987,0.0491433212341596,0.048991839383225814,,,0.02481981329894245,0.02184065760648172,0.023614823713792324,0.023475448865010726,0.022749772125981286,0.022150275369690282,0.02428877839830335,0.024125693299224676,0.022665144048622736,0.022961582468630084,0.023025431370184427,0.02169599952531764,0.022553520343243618,0.020728687196530697,,,,,,,,,,,,,,,,,,,,,,,0.07657464445210181,,0.040611127899256895,,,,,,,,,,0.04241985340162809,,0.021230027231467788,,,,,,,,,,,,,,,,,,,,,,,,,,,,,,
847,,,,,,,,,,,,,0.06647586264951932,,,,,,,,,,,,,,,,,,,,,,,,,,,,,,,,,,,0.07046363146095065,,,,,,,0.09924919721849693,0.09068033407277555,0.07399199348641806,0.04920807009556654,0.04905638865947805,,,0.02475054452296852,0.021779703255188056,0.023548917902423295,0.023409932030184762,0.022686280557778406,0.022088456916671967,0.024220991669640722,0.024058361719239314,0.022601888666053525,0.022897499766118604,0.02296117047393698,0.02163544889536129,0.022490576487491636,0.020670836205777615,,,,,,,,,,,,,,,,,,,,,,,0.07667553549724081,,0.0406646351557038,,,,,,,,,,0.04247574374725039,,0.02125799888776522,,,,,,,,,,,,,,,,,,,,,,,,,,,,,,
848,,,,,,,,,,,,,,,,,,,,,,,,,,,,,,,,,,,,,,,,,,,,,,,,0.08014306359380133,,,,,,,0.10920538214256033,0.09669564907538991,0.0850984405495416,0.06290261081779204,0.040835129031541996,0.022285812545211774,0.025450436498418726,0.02458935592422918,0.021637862341530405,0.023395554929944173,0.023257474207003265,0.02253853553462054,0.021944605236341924,0.02406325179835492,0.023901680979957405,0.022454693247400705,0.02274837917208441,0.022811635222675153,0.021494547442170903,0.022344105992448817,,,,,,,,,,,,,,,,,,,,,,,,0.08907520639692508,,0.040835129031541996,,,,,,,,,,,0.022285812545211774,0.02800564574330168,,,,,,,,,,,,,,,,,,,,,,,,,,,,,,
849,,,,,,,,,,,,,,,,,,,,,,,,,,,,,,,,,,,,,,,,,,,,,,,,0.07055270681680692,,,,,,,0.10584310097139704,0.09474645543494112,0.07500601491452698,0.05612928116827945,0.04720384284168961,,0.02328919114672363,0.025425216115715788,0.022379246760817036,0.02419114843743165,0.024053163136018553,0.023304776646494343,0.022688733835979656,0.0248844481915984,0.024717075006335548,0.023216368327194335,0.02351971175015345,0.023451560914773947,0.02223562353896782,0.023101025985388258,0.021243466282343117,,,,,,,,,,,,,,,,,,,,,,,0.07823754384251741,,0.04720384284168961,,,,,,,,,,0.04977360316960085,,0.023602851922615534,,,,,,,,,,,,,,,,,,,,,,,,,,,,,,
850,,,,,,,,,,,,,,,,,,,,,,,,,,,,,,,,,,,,,,,,,,,,,,,,0.07107799998370402,,,,,,,0.10663114526072304,0.09545188075273828,0.07556446474428459,0.05654718615294716,0.04755529436232946,,0.02346258850486752,0.025095652794438095,0.022078467223610853,0.023872921067492257,0.023701874300132424,0.02308712045893877,0.022340866781289423,0.025073497477931254,0.024899849560989645,0.022885732670588483,0.022362521207531887,0.023266656280079425,0.02190110376051168,0.021947655553494566,0.020897400843030094,,,,,,,,,,,,,,,,,,,,,,,0.07882005369975079,,0.04755529436232946,,,,,,,,,,0.05014418758537285,,0.02377858461089392,,,,,,,,,,,,,,,,,,,,,,,,,,,,,,
851,,,,,,,,,,,,,,,,,,,,,,,,,,,,,,,,,,,,,,,,,,,,,,,,0.07116182250175601,,,,,,,0.1067568957193821,0.09556444746816818,0.07565357816491498,0.05661387243468245,0.04761137647664146,,0.02349025801229522,0.02503614440683968,0.022025400512517824,0.023815865327997374,0.023646886554763786,0.023031695038304142,0.022289520221074943,0.02498901803357351,0.024827490127634067,0.022832551562340195,0.022310653780957368,0.02321262544812488,0.021850216216430535,0.02189666884480825,0.02084868065955697,,,,,,,,,,,,,,,,,,,,,,,0.07891300644709343,,0.04761137647664146,,,,,,,,,,0.050203322789937416,,0.023806626773563863,,,,,,,,,,,,,,,,,,,,,,,,,,,,,,
852,,,,,,,,,,,,,,,,,,,,,,,,,,,,,,,,,,,,,,,,,,,,,,,,0.07121159327954311,,,,,,,0.10683156179098195,0.09563128551014174,0.07570649048918204,0.05665346833548368,0.047644676006578304,,0.0235066871644809,0.024999193328759318,0.02199292764437087,0.02378073564405144,0.023611960127065006,0.02299772989459125,0.022256514062286032,0.02495340872983524,0.02479210972014186,0.02279883567000196,0.022277702443174546,0.02317834723287385,0.021817950154140887,0.021864333726191086,0.02081790228559965,,,,,,,,,,,,,,,,,,,,,,,0.07896819842462176,,0.047644676006578304,,,,,,,,,,0.05023843513437873,,0.023823277194946455,,,,,,,,,,,,,,,,,,,,,,,,,,,,,,
853,,,,,,,,,,,,,,,,,,,,,,,,,,,,,,,,,,,,,,,,,,,,,,,,0.08398206467513787,,,,,,,0.11020245397645775,0.10126160412135818,0.08915053266395016,0.06573819181182125,0.04234868028934903,0.022069657674359436,0.022069657674359436,0.023160020899565117,0.020466098909441063,0.022125933210595243,0.021864339504088875,0.02140093563286805,0.020596620352008734,0.023214136346634218,0.02306244334549804,0.021197911208699148,0.020114132197875445,0.021458896385478522,0.020198470534965287,0.019728082782063873,0.019265326923838047,,,,,,,,,,,,,,,,,,,,,,,0.09338206731947185,,0.04234868028934903,,,,,,,,,,,,0.029593061270766267,,,,,,,,,,,,,,,,,,,,,,,,,,,,,,
854,,,,,,,,,,,,,,,,,,,,,,,,,,,,,,,,,,,,,,,,,,,,,,,,0.07136754087928511,,,,,,,0.10681689662473326,0.09566834503109665,0.07584452585247092,0.056577593465096256,0.04749524046789514,,0.023435388295502662,0.025066285672580794,0.022159174166554496,0.023948966494014914,0.023669938818347985,0.023236702068959014,0.022290226552205236,0.02512371025938171,0.02495927101068325,0.02294096342214598,0.02176735261193381,0.02306584385846805,0.021873315047146125,0.021348846486589766,0.02086302138239452,,,,,,,,,,,,,,,,,,,,,,,0.07909934952802697,,0.04749524046789514,,,,,,,,,,0.05006889663088163,,0.023817364905710688,,,,,,,,,,,,,,,,,,,,,,,,,,,,,,
855,,,,,,,,,,,,,,,,,,,,,,,,,,,,,,,,,,,,,,,,,,,,,,,,0.07370003128871934,,,,,,,0.09980053063353984,0.09105568223776386,0.0680304402325766,0.049306610751813154,0.039538949319835974,,,0.024161870057375107,0.02135353510694442,0.023085188675999926,0.022831759806962212,0.022399374938560864,0.021701351761606806,0.024197280340132972,0.02403950749563425,0.02213059854783142,0.021002709152763994,0.02223897337887593,0.021104569649209266,0.020588653669594732,0.020119191267805567,,,,,,,,,,,,,,0.07370003128871934,,,,,,,,,0.07996333069091906,,0.039538949319835974,,,,,,,,,,0.04132698281514945,,0.03308389757182995,,,,,,,,,,,,,,,,,,,,,,,,,,,,,,
856,,,,,,,,,,,,,,,,,,,,,,,,,,,,,,,,,,,,,,,,,,,,,,,,0.07398065331614091,,,,,,,0.10018053355557954,0.09140238806286337,0.06828947458752362,0.049494351799306814,0.03968949878265484,,,0.023792543051806975,0.021521429181510652,0.02245528182542259,0.022880298248171695,0.02239944834429952,0.0217396961513934,0.0242344916993071,0.0240779186224809,0.02177220989513455,0.020663695465906913,0.021875204561920616,0.020814624322128394,0.02025663069175946,0.01984746566609699,,,,,,,,,,,,,,0.07398065331614091,,,,,,,,,0.08026780100911961,,0.03968949878265484,,,,,,,,,,0.04148434043769065,,0.0332098686229852,,,,,,,,,,,,,,,,,,,,,,,,,,,,,,
857,,,,,,,,,,,,,,,,,,,,,,,,,,,,,,,,,,,,,,,,,,,,,,,,0.05592889577138575,,,,,,,0.08622500736820793,0.07667280518691347,0.053169323428014316,0.045335781821708325,0.03990665755984563,0.017246496729654,0.019662101389809332,0.017460021273935884,,0.016482492128758238,0.01647125441938907,,,0.017839142000037434,0.0177218268749609,,,,,,,,,,,,,,,,,,,,,,,,,,,,,0.06227874810093135,,0.039906657559845626,,,,,,,0.0615063033247374,,,0.042207170236920145,0.017246496729654,0.01925308116298236,0.05463770627735277,0.05463770627735277,0.05463770627735277,0.03785553936675016,0.03785553936675016,0.03785553936675016,,,,,,,,,,,,,,,,,,,,,,,,
858,,,,,,,,,,,,,,,,,,,,,,,,,,,,,,,,,,,,,,,,,,,,,,,,0.05669104981413541,,,,,,,0.08740001247148085,0.07771764055575443,0.05389387223667607,0.04595358142100435,0.040450473416968696,0.01748151812645583,0.019930040705551447,0.017845424000598884,,,0.0165275299368908,,,0.017984555002881975,0.01786318935148184,,,0.016513452457812123,,,,,,,,,,,,,,,,,,,,,,,,,,0.06312743282799146,,0.0404504734169687,,,,,,,0.05994670297570359,,,0.04278233563193496,0.01748151812645583,0.019515446679793828,0.053252271270298863,0.05325227127029888,0.05325227127029888,0.03689564567752074,0.036895645677520725,0.036895645677520725,,,,,,,,,,,,,,,,,,,,,,,,
859,,,,,,,,,,,,,,,,,,,,,,,,,,,,,,,,,,,,,,,,,,,,,,,,0.05508877800487036,,,,,,,0.0849298063883056,0.07552108951368798,0.052370657682349234,0.0446547850803643,0.039307212647589296,0.01698743407317036,0.019366753511458105,0.018329161224798437,,,0.01697536507263139,,,0.01847370778488157,0.018348989228478243,,,0.016959902841491962,,,,,,,,,,,,,,,,,,,,,,,,,,0.0613432480873105,,0.039307212647589296,,,,,,,0.06250883851543945,,,0.041573168919688375,0.01698743407317036,0.018963877249297014,0.05552828529643448,0.0555282852964345,0.05552828529643448,0.03847257385470823,0.03847257385470823,0.03847257385470823,,,,,,,,,,,,,,,,,,,,,,,,
860,,,,,,,,,,,,,,,,,,,,,,,,,,,,,,,,,,,,,,,,,,,,,,,,0.05511766923415262,,,,,,,0.08497434770140291,0.07556069643894223,0.05239812339739251,0.04467820421727441,0.039327827257936036,0.01699634310819528,0.019376910377092393,0.018299184651481334,,,0.01694760257605867,,,0.018443494811736745,0.018318980227293946,,,0.01693216563274882,,,,,,,,,,,,,,,,,,,,,,,,,,0.061375419464305886,,0.039327827257936036,,,,,,,0.062481377239497406,,,0.04159497190749732,0.01699634310819528,0.018973822827063176,0.05550389070518422,0.055503890705184224,0.05550389070518422,0.038455672149414775,0.038455672149414775,0.038455672149414775,,,,,,,,,,,,,,,,,,,,,,,,
861,,,,,,,,,,,,,,,,,,,,,,,,,,,,,,,,,,,,,,,,,,,,,,,,0.06582962182879988,,,,,,,0.09849165654273333,0.0898692894735338,0.05403323441656307,0.045674233902206506,0.05373651548559378,,,0.025044758358580083,0.022141453197097188,0.02314899117537189,0.02365878801933099,0.02211592792016279,0.02142504529101517,0.02513492704445934,0.024968687167487326,0.02293648136437386,0.021762231954152257,0.02320247781230988,0.021906793042467208,0.021329085744725303,0.020875603270162472,,,,,,,,,,,,,,,,,,,,,,,0.07162930545085353,,0.05373651548559378,,,,,,,,,,0.056164276445782535,,0.019993145039695345,,,,,,,0.07119095456694872,,,,,,,,,,,,,,,,,,,,,,,
