threshold,FAS1,FAS2,HTD2,ETR1,OAR1,MLS1,ACS1,DAL7,RIP1,CYT1,QCR2,MRPS9,MRPS5,MRPS28,LSC1,MRPS16,SHM1,SHM2,MIS1,ADE3,GCV1,YND1,ADE12,GUA1,YTM1,NOP7,PWP2,RPS8A,RPS8B,RPS13,RPF2,RPS2,RPS20,ADE13,PDA1,PDB1,PDX1,IRC15,MAE1,PGI1,TAL1,TKL1,ACS2,RPS3,RPS5,RPL5,CEM1,SDH2,SDH1,SDH4,GDH2,IDH1,KGD1,SDH3,GDH3,KGD2,HSP82,HSC82,AHA1,SOL4,PGM2,GAD1,NQM1,LPD1,TKL2,TPI1,ASC1,HSP104,BTN2,HSP78,TFS1,SIS1,MDH1,DCS2,CIT3,IDH2,MRP17,ATP6,ATP15,ATP16,AMD1,APT1,HPT1,APT2,HAM1,MCM4,MCM5,MCM3,RAD51,SGS1,RAD52,RPS15,MCM7,ERB1
800,0.15299845896860662,0.15299845896860662,0.14034576520290593,0.1366759442576077,0.13567144302628906,0.06788803075906305,0.06598857318041468,0.06446756326139028,0.021012969346050066,0.02096527848698606,0.02057116928625096,0.0068141660325994466,0.006808425126536761,0.00679375409669273,,,,,,,,,,,,,,,,,,,,,,,,,,,,,,,,,,,,,,,,,,,,,,,,,,,,,,,,,,,,,,,,,,,,,,,,,,,,,,,,
801,0.14072790243452835,0.15450290033492714,0.14171421283079041,0.14072790243452835,0.13608760663263345,0.06847050943336894,0.06727567227598243,,0.021277500418920826,0.021133425660118315,0.02082945450604333,0.0070264649171651854,,0.007002451670801633,0.06622090220970835,0.0070030942404833586,,,,,,,,,,,,,,,,,,,,,,,,,,,,,,,,,,,,,,,,,,,,,,,,,,,,,,,,,,,,,,,,,,,,,,,,,,,,,,
802,,,,,,,,,,,,,,,,,0.14780824438800638,0.14571168535327966,0.12422346662709238,0.12422346662709238,0.12372377142334352,0.09840868812687774,0.09407443156688965,0.08969697441188199,0.011588456188940976,0.011567163000154005,0.01145814315404056,0.005842879480171824,0.005842879480171824,0.005829750172057088,,,,,,,,,,,,,,,,,,,,,,,,,,,,,,,,,,,,,,,,,,,,,,,,,,,,,,,,,,,,,,,,
803,,,,,,,,,,,,,,,,,0.15941190379844378,0.1571507547770518,0.1339756073381391,0.1339756073381391,0.1334366836530742,0.0838455579955725,0.08015271169627386,0.07642305789487255,0.009732409400392803,0.009727524996171738,0.009632409807480227,0.00417840190719484,0.004183358739386172,0.004174010657807347,,,,,,,,,,,,,,,,,,,,,,,,,,,,,,,,,,,,,,,,,,,,,,,,,,,,,,,,,,,,,,,,
804,,,,,,,,,,,,,,,,,0.15088256511590792,0.14874239894056188,0.12680723845879707,0.12680723845879707,0.12629714990162685,0.09439918549929835,0.09024152120363829,0.08604241645124057,0.011023915110199511,0.010992579557498149,,0.005627516314203786,0.00563396225883034,0.005632701974067246,0.01086961075533309,,,,,,,,,,,,,,,,,,,,,,,,,,,,,,,,,,,,,,,,,,,,,,,,,,,,,,,,,,,,,,,
805,,,,,,,,,,,,,,,,,0.1595029725136004,0.15724053174465852,0.13405214482456196,0.13405214482456196,0.1335129132635706,0.08379974165444525,0.08010891326414293,0.07638129748473034,0.009726264910636058,0.009700052576227726,,0.004110797513094797,0.004115167963891985,,0.009588427083747396,0.00410863037813008,,,,,,,,,,,,,,,,,,,,,,,,,,,,,,,,,,,,,,,,,,,,,,,,,,,,,,,,,,,,,,
806,,,,,,,,,,,,,,,,,0.14992093267451687,0.14348003082043226,0.12673491276940546,0.12275649697362205,0.12106956760725544,0.09886180782855526,0.09450759432089476,0.09010998130243707,0.01158621045674603,0.011556172820519113,,0.005999830735089576,0.005999830735089577,,0.011420658305738577,,0.00599597264969792,,,,,,,,,,,,,,,,,,,,,,,,,,,,,,,,,,,,,,,,,,,,,,,,,,,,,,,,,,,,,
807,,,,,,,,,,,,,,,,,0.16200912894367464,0.15504889410270428,0.13695360920079155,0.13265441184287527,0.1308314645575359,0.08304950251813432,0.07961975752115373,,0.009934465847979955,0.009910285056321704,,0.0043019319514109935,0.0043019319514109935,,0.009793525385603035,,0.0042991636288778065,0.07729192749152586,,,,,,,,,,,,,,,,,,,,,,,,,,,,,,,,,,,,,,,,,,,,,,,,,,,,,,,,,,,,
808,,,,,,,,,,,,,,,,,0.16178768376344924,0.15445909870381833,0.13556938102039087,0.1310792619328358,0.13400601029156511,0.08164519952898179,0.080673151770531,,0.009838997395421194,0.009842544309263975,,0.004357839522246159,0.004357839522246158,0.004347996068170153,0.009697772234022566,,,0.0783372239370576,,,,,,,,,,,,,,,,,,,,,,,,,,,,,,,,,,,,,,,,,,,,,,,,,,,,,,,,,,,,
809,,,,,,0.020268710769389686,0.019799849152143643,,,,,,,,,,,,,,,,,,,,,0.0030024395774150923,0.0030024395774150923,0.002995656943549424,,,,,0.2261477561449691,0.19705507350152293,0.17652586963741967,0.14743359136205497,0.10403762160819154,0.02753129657620506,0.026777147917153653,0.026608940851717024,0.018813606380853144,,,,,,,,,,,,,,,,,,,,,,,,,,,,,,,,,,,,,,,,,,,,,,,,,,,
810,,,,,,0.019475066197885138,0.019016986190402856,,,,,,,,,,,,,,,,,,,,,,,,,,,,0.22626125898258517,0.19715397481449784,0.17661446740844355,0.1475075878113887,0.10408983775869708,0.028688227804788944,0.027399691458122787,0.027246946500081047,0.018053441641594364,0.002836085459565432,0.0028348224281505648,0.002821605543796523,,,,,,,,,,,,,,,,,,,,,,,,,,,,,,,,,,,,,,,,,,,,,,,,
811,,,,,,0.020183745698075246,0.019708996586239175,,,,,,,,,,,,,,,,,,,,,,,,,,,,0.22649789849765037,0.19736017193902133,0.17679918290993488,0.14766186134546644,0.10419870203728013,0.027702758347585114,0.026459263337403706,0.026310754399596053,0.018710389549718327,0.0028078141699588856,0.0028035231655581896,0.002794938016512263,,,,,,,,,,,,,,,,,,,,,,,,,,,,,,,,,,,,,,,,,,,,,,,,
812,,,,,,,,,,,,,,,,,,,,,,,,,0.002183313912425418,0.0021906652282973585,0.0021593072278123324,,,,,,,,0.23356867956762792,0.20352133536247988,0.1823184761307505,0.15227154956281652,0.10745156316653726,0.03521326984747389,0.03369528784304543,0.03350548878003222,,0.0039858698879139745,0.003967828928074784,0.00396736455471253,,,,,,,,,,,,,,,,,,,,,,,,,,,,,,,,,,,,,,,,,,,,,,,,
813,,,,,,,,,,,,,,,,,,,,,,,,,0.0021823589600423157,0.0021897394262780302,0.0021577084014205274,,,,,,,,0.23365984072890536,0.20360076913463943,0.1823896344899842,0.15233098069593487,0.10749350119220692,0.035111764601117604,0.0335981583089701,0.03340890635790453,,0.003972403765933945,0.00395026537312567,0.003953968563536607,,,,,,,,,,,,,,,,,,,,,,,,,,,,,,,,,,,,,,,,,,,,,,,,
814,0.11608250307009425,0.13085307981498548,0.1021232280902155,,0.12083407308763082,0.041595262081632674,0.04318221426173588,,,,,,,,,,,,,,,,,,,,,,,,,,,,,,,,,,,,0.039955497952536896,,,,0.11235890489505218,0.056579051870141894,0.05505243408692158,0.05275974460430542,0.04294361142177869,0.042840197381484375,0.042840197381484375,,,,,,,,,,,,,,,,,,,,,,,,,,,,,,,,,,,,,,,,,
815,0.12584349927560134,0.14185608527896776,0.11071043473651611,,0.13099461320100286,0.045090161231832085,0.04681045162278162,,0.017422057454712637,0.01761508490960446,0.01758592851204973,,,,,,,,,,,,,,,,,,,,,,,,,,,,,,,,0.04331262154911535,,,,0.12180679596674358,0.0618558843777078,0.060563868904184665,0.05853251297918,,,,,,,,,,,,,,,,,,,,,,,,,,,,,,,,,,,,,,,,,,,,
816,0.12586598406738558,0.14188143108196266,0.11073021566352248,,0.13101801835597424,0.04538349480016623,0.04711789324351201,,0.017337590022458133,0.017529681621552686,0.0175006665830792,,,,,,,,,,,,,,,,,,,,,,,,,,,,,,,,0.04371568172228005,,,,0.1218285595100413,0.06156139904299215,0.060275534635176126,0.05825384964989726,,,,,,,,,,,,,,,,,,,,,,,,,,,,,,,,,,,,,,,,,,,,
817,0.12530062289155247,0.1412441321858412,0.11023284089311376,,0.1304295154219853,0.05059959398082293,0.05003374257533676,,0.016415894029613715,0.01691922850484924,0.016892864084212447,,,,,,,,,,,,,,,,,,,,,,,,,,,,,,,,0.0458356023919503,,,,0.12128133352070823,0.05975782306876808,0.058509630874191206,0.05654717557705427,,,,,,,,,,,,,,,,,,,,,,,,,,,,,,,,,,,,,,,,,,,,
818,0.11727114821951148,0.13219297062104834,0.10316893503572276,,0.12207137268973545,0.042125632141716225,0.043734789686973356,,,,,,,,,,,,,,,,,,,,,,,,,,,,,,,,,,,,0.040566444331102805,,,,0.11350942167204389,0.05979154594041797,0.05826989482942296,,0.03781586556424054,,0.03770211455715363,0.05531151527326514,0.0364683494376456,,,,,,,,,,,,,,,,,,,,,,,,,,,,,,,,,,,,,,,
819,0.12626965039416488,0.14233646074345066,0.11108533988355355,,0.1314382078345179,0.04535803498070211,0.047090667122142535,,0.016685460975392707,0.017194570552446605,0.017170262906808287,,,,,,,,,,,,,,,,,,,,,,,,,,,,,,,,0.04367920687392449,,,,0.12221927736346787,0.06141710646122294,0.060216027969348496,,,,,0.05783972593885694,,,,,,,,,,,,,,,,,,,,,,,,,,,,,,,,,,,,,,,,
820,,,,,,,,,,,,,,,,,,,,,,,,,0.002396603137750325,0.0024319929969739977,0.002374473123856358,,,,,,,,0.20077511730378134,0.1859296998623225,0.1728003847198391,0.14793740638872666,,0.0345537299427419,0.0330871364532236,0.032901637972102,,0.0040254248195299375,0.004010477145730418,0.003975531413582805,,,,,,,,,,0.1728003847198391,,,,,,,,,,,,,,,,,,,,,,,,,,,,,,,,,,,,,,
821,,,,,,,,,,,,,,,,,,,,,,,,,,,,,,,,,,,0.1791250769661994,0.16857397877214578,0.12365309721602628,0.10726845022435824,,0.03531213501614271,0.034365780350310696,0.03415184689534374,,,,,,,,,,,,,,0.12365309721602628,0.04275693404777374,0.04154989264826484,0.037473317189387886,0.024262949613459452,0.023940040581404132,0.02391340326315672,,,,,,,,,,,,,,,,,,,,,,,,,,,,,,,,
822,,,,,,,,,,,,,,,,,,,,,,,,,0.0024952300228275226,0.0025319300564370342,0.0024712232627564223,,,,,,,,0.2085293237527735,0.19449678360570333,0.16339722113197594,0.14066627719403074,,0.037913292557432726,0.036976871298048795,,,0.003416028702410079,0.0033973512650859045,0.0033791601256976996,,,,,,,,,,0.16339722113197594,,,,,,,0.03693208589284435,,,,,,,,,,,,,,,,,,,,,,,,,,,,,,,
823,,,,,,,,,,,,,,,,,,,,,,,,,0.002888430470789605,0.002930981600173062,0.002860210967987523,,,,,,,,0.2180699515980665,0.20522486306298723,0.15053740872886334,0.13059045748708567,,0.04227663849956953,0.04119398008496108,,,0.003933244903834656,0.003912090221423575,0.0038914303279447694,,,,,,,,,,0.15053740872886334,,,,,,,0.04115290331745006,,,,,,,,,,,,,,,,,,,,,,,,,,,,,,,
824,,,,,,,,,,,,,,,,,,,,,,,,,0.0031241535915206204,0.003169486017730583,0.0030930165689303686,,,,,,,,0.2126062026738691,0.19132403589730743,0.15141409634402747,,,0.04601693502957334,0.04485019082029316,,,0.004182026227273393,0.004159484351724822,0.0041376951629813865,,,,,,,,,,0.15141409634402747,,,,,,,0.04487560599839544,0.13563297497234547,,,,,,,,,,,,,,,,,,,,,,,,,,,,,,
825,,,,,,,,,,,,,,,,,,,,,,,,,0.0032498221767924564,0.0032939972492598345,0.0032175059152550166,,,,,,,,0.2128529955042588,0.19154612443351585,0.15158985750681428,,,0.045260886244766235,,,,0.0042700194099753,0.0042539156023863045,0.004231984408621117,,,,,,,,,,0.15158985750681428,,,,,,,0.04450909530354851,0.13579041744282191,0.044343521295170114,,,,,,,,,,,,,,,,,,,,,,,,,,,,,
826,,,,,,,,,,,,,,,,,,,,,,,,,0.0033724466372134954,0.0034181413373615037,0.0033390345444733907,0.005830308562552371,0.005841741335628861,0.005827230813967224,,,,,0.21028989057259143,0.19192451310383804,0.15187610253745767,,,0.043996169441109644,,,,,,,,,,,,,,,,0.15187610253745776,,,,,,,0.04327361566946238,0.13601548292799773,0.043119219978888394,,,,,,,,,,,,,,,,,,,,,,,,,,,,,
827,,,,,,,,,,,,,,,,,,,,,,,,,0.003274426203853079,0.0033205436854186593,0.003241577755247922,0.004623395432579978,0.004632254908679071,0.004620439901031428,,,,,0.21549392298221917,0.19667405852266365,0.15563457213245732,,,0.03900688883501549,0.03726272369159439,,,,,,,,,,,,,,,0.15563457213245732,,,,,,,,0.1393814506378155,0.037199173178967,,,,,,,,,,,,,,,,,,,,,,,,,,,,,
828,,,,,,,,,,,,,,,,,,,,,,,,,0.003302286271964689,0.0033485043848849576,0.003268808473328053,0.0055965261179580835,0.005594608130605495,0.005580022611478091,,,,,0.21156521404329004,0.19308845795871082,0.1527971699158127,,,0.04275897091033829,0.0416508833423729,,,,,,,,,,,,,,,0.1527971699158127,,,,,,,,0.1368403620378977,0.041811015885545554,,,,,,,,,,,,,,,,,,,,,,,,,,,,,
829,,,,,,,,,,,,,,,,,,,,,,,,,0.003559913684679309,0.0036098393108785097,0.0035232801336642396,0.005879110980726928,0.005877346942150734,0.0058614985747718505,,,,,0.21401138793388333,0.19066612651195008,0.1509030996677484,,,0.044046112284438325,0.04290110692187018,,,,,,,,,,,,,,,0.1509030996677484,,,,,,,,0.1351976045653685,0.04306047282012108,,,,,,,,,,,,,,,,,,,,,,,,,,,,,
830,,,,,,,,,,,,,,,,,,,,,,,,,0.0031178104485694857,0.0031616707127352585,0.003084864000251345,0.0051110861298247585,0.005109554703268617,0.00509577326759096,,,,,0.20253732893357157,0.176758688747112,0.16711066336145786,,,0.03827624544608788,0.037250719884052576,,,,,,,,,,,,,,,0.16711066336145786,,,,,,,0.037313686997418744,0.14896124400660107,,,,,,,,,,,,,,,,,,,,,,,,,,,,,,
831,,,,,,,,,,,,,,,,,,,,,,,,,0.0030381248173968574,0.003081196557048307,0.0030065505322225184,0.005081134804840638,0.0050791779480678255,0.005065029344188588,,,,,0.20270248675271443,0.17690282553267025,0.16724693272405702,,,0.03814946456169345,0.037127335807161294,,,,,,,,,,,,,,,0.16724693272405702,,,,,,,0.03719009435706395,0.14908271353681798,,,,,,,,,,,,,,,,,,,,,,,,,,,,,,
832,,,,,,,,,,,,,,,,,,,,,,,,,0.003236402368866929,0.0032828662901687546,0.003202347460048086,0.005585610426086474,0.005583456980519365,0.005567898433411876,,,,,0.20650750825968253,0.1819883449165677,0.15952266390698566,,,0.0418891967693885,0.040767106018492975,,,,,,,,,,,,,,,0.1595226639069856,,,,,,,0.04084940815802024,0.14249452610477525,,,,,,,,,,,,,,,,,,,,,,,,,,,,,,
833,,,,,,,,,,,,,,,,,,,,,,,,,0.003217031527271231,0.003266065738070127,0.003182709366463919,0.005515878255392836,0.005513496787502273,0.00549812606735712,,,,,0.20552761745508585,0.18112479904731404,0.15876571907333506,,,0.04382416064887774,,,,,,,,,,,,,,,,0.15876571907333506,,,,,,,0.04211929143039984,0.14181838083038723,0.04186100469920765,,,,,,,,,,,,,,,,,,,,,,,,,,,,,
834,,,,,,,,,,,,,,,,,,,,,,,,,0.0030410639250028405,0.003082678213952848,0.0029995883935763626,0.005150749215810322,0.005149224963993726,0.005134976056903941,,,,,0.20139854330373896,0.17591223296253375,0.16631135968129993,,,0.03972426128228248,0.03869513032080204,,,,,,,,,,,,,,,0.16631135968129993,,,,,,,0.03884203479836269,0.14824679720044018,,,,,,,,,,,,,,,,,,,,,,,,,,,,,,
835,,,,,,,,,,,,,,,,,,,,,,,,,0.003186219578377612,0.003229909966443887,0.003142620909886415,0.005244667846165236,0.005243230615340731,0.005228426060100522,,,,,0.20124344673563455,0.17577676334506526,0.16618328367488888,,,0.039754665871119,0.038683146308252904,,,,,,,,,,,,,,,0.16618328367488888,,,,,,,0.038767702740611996,0.14813263267322424,,,,,,,,,,,,,,,,,,,,,,,,,,,,,,
836,,,,,,,,,,,,,,,,,,,,,,,,,0.003036752537306085,0.003078563222130768,0.0029945550485723127,0.0051141389235932165,0.005112839929555555,0.005097997766679821,,,,,0.2008547384504756,0.17543724479000694,0.16586229523890667,,,0.04101809678997272,,,,,,,,,,,,,,,,0.16586229523890667,,,,,,,0.03945904303560595,0.14784650965875348,0.039224929369534214,,,,,,,,,,,,,,,,,,,,,,,,,,,,,
837,,,,,,,,,,,,,,,,,,,,,,,,,0.003227388611785651,0.003264972235611797,0.0031826898423920986,0.005279547425196826,0.005278097306377719,0.005262717958309762,,,,,0.2006696575355743,0.1755044864248171,0.16592732348248498,,,0.04040616811248962,,0.03908612467013165,,,,,,,,,,,,,,0.16592732348248498,,,,,,,0.03908205993645967,0.14790144297588373,,,,,,,,,,,,,,,,,,,,,,,,,,,,,,
838,,,,,,,,,,,,,,,,,,,,,,,,,0.0030973914940471583,0.003136073105581113,0.0030542384233958964,0.005241587589809996,0.005239912943808108,0.005224637115926307,,,,,0.20060629867057195,0.1754490731391253,0.16587493406288942,,,0.041089858352386883,,,,,,,,,,,,,,,,0.16587493406288942,,,,,,,0.03917985056397279,0.14785474499635737,,0.03907646547923838,,,,,,,,,,,,,,,,,,,,,,,,,,,,
839,,,,,,,,,,,,,,,,,,,,,,,,,0.0037901136984277704,0.003817554935305181,,0.006198461398974824,0.006196480361157692,0.00617830999700384,0.0037342750384870833,,,,0.2111861992885187,0.18857619120171026,0.1482672909231368,,,0.04852062038621519,,,,,,,,,,,,,,,,0.1482672909231368,,,,,,,0.04626520344022392,0.13285888639221738,,0.04614312201548462,,,,,,,,,,,,,,,,,,,,,,,,,,,,
840,,,,,,,,,,,,,,,,,,,,,,,,,0.0032794110286012007,0.003302786712988986,,0.005338824252954314,0.00533686842265134,0.0053212112354350995,0.003230521245081977,,,,0.20058784273288569,0.17543293168602825,0.16585967343813807,,,0.04085686568648438,,,,,,,,,,,,,,,,0.16585967343813807,,,,,,,0.03897406493834798,0.14784114224321177,,0.038778182939052976,,,,,,,,,,,,,,,,,,,,,,,,,,,,
841,,,,,,,,,,,,,,,,,,,,,,,,,0.003400895805026295,0.0034252179141189714,,0.005310375233127731,0.0053189084449134635,,0.0033574700442122276,,,,0.19450300420234917,0.1752449799131406,0.16465865962358525,,,0.04291634233727132,,,,,,,,,,,,,,,,0.16465865962358525,,,,,,,0.04093863503882275,0.15023393498133653,,0.04073287919342922,0.005300037645081077,,,,,,,,,,,,,,,,,,,,,,,,,,,
842,,,,,,,,,,,,,,,,,,,,,,,,,0.0038553710290693487,0.003870433129186939,,,,,0.003781212616429261,,,,0.19469795026367634,0.1754206240824506,0.16482369335809577,,,0.0425007827514427,,0.040416265756152515,,0.0049438545514090375,0.004921453652287327,0.004915559079980024,,,,,,,,,,0.16482369335809577,,,,,,,0.04064459523850568,0.1503845111332186,,,,,,,,,,,,,,,,,,,,,,,,,,,,,,
843,,,,,,,,,,,,,,,,,,,,,,,,,0.0037611004226772607,0.0037905910271544274,,,,,0.003702757198179981,,,,0.19474920896922465,0.17546680758928657,0.1648670869796197,,,0.04231977464199898,,,,0.004915543084188305,0.004893457739729415,0.00488687881454368,,,,,,,,,,0.1648670869796197,,,,,,,0.04080473462641559,0.1504241033085074,0.04055086861885444,,,,,,,,,,,,,,,,,,,,,,,,,,,,,
844,,,,,,,,,,,,,,,,,,,,,,,,,0.0043341044458633056,0.004363704519893041,,0.005713883945829236,0.005721963020427326,,0.004257293163614457,,,,0.1932489896155196,0.17541481732020797,0.15550537279870455,,,0.04652704879793423,,,,,,,,,,,,,,,,0.16150463932391823,,,,,,,0.04488142147912196,0.14822340578266296,0.04460096096966007,,0.005702394816642962,,,,,,,,,,,,,,,,,,,,,,,,,,,
845,,,,,,,,,,,,,,,,,,,,,,,,,0.004407025031223717,0.004431704747911368,,0.005825364565618052,0.005825364565618052,,0.0043290827529271,,,,0.19320027992821925,0.17537060285411163,0.15546617663991674,,,0.04598354395573912,,,,,,,,,,,,,,,,0.16146393101028267,,,,,,,0.04499969825144409,0.14818604509187422,0.04469755130409659,,0.00581362930101748,,,,,,,,,,,,,,,,,,,,,,,,,,,
846,,,,,,,,,,,,,,,,,,,,,,,,,0.004812120094842145,0.00483997852186791,,0.006300844152941845,0.006300844152941845,,0.0047187999292709944,,,,0.19807960595653654,0.18097803654370448,0.14767177291583,,,0.04960016255567993,,,,,,,,,,,,,,,,0.15302753355640591,,,,,,,0.04853893711142725,0.14062993701928395,0.04821302622211947,,0.006288401267147595,,,,,,,,,,,,,,,,,,,,,,,,,,,
847,,,,,,,,,,,,,,,,,,,,,,,,,0.004811096831527147,0.0048519222970294295,,0.006288901571724986,0.006288901571724986,,0.004729550587200176,,,,0.198205730764761,0.181093272133162,0.14776580114225563,,,0.04942810522891018,,,,,,,,,,,,,,,,0.15312497199904448,,,,,,,0.048370561055113726,0.14071948144134352,0.04804578071364066,,0.006275922662562097,,,,,,,,,,,,,,,,,,,,,,,,,,,
848,,,,,,,,,,,,,,,,,,,,,,,,,0.004175854928184119,0.004211338078022777,,0.005806433288423373,0.005806433288423373,,0.004108958131492596,,,,0.19884628054907955,0.17606797198713173,0.1549512308991641,,,0.0447734522850488,,,,,,,,,,,,,,,,0.16219231262840086,,,,,,,0.0438154972231357,0.14592824817582858,0.04352130150078866,,0.005794687036875927,,,,,,,,,,,,,,,,,,,,,,,,,,,
849,,,,,,,,,,,,,,,,,,,,,,,,,0.0046662360585045404,0.004716184305145047,,0.006350811478821245,0.006350811478821245,,0.004601096683359465,,,,0.2049364444838992,0.1834508014796002,0.14522879498441232,,,0.04922903187046289,,,,,,,,,,,,,,,,0.15148577387742673,,,,,,,0.04818198152289697,0.1366061722592454,0.04785790876638369,,0.006337950751021153,,,,,,,,,,,,,,,,,,,,,,,,,,,
850,,,,,,,,,,,,,,,,,,,,,,,,,0.004306595727243387,0.004352990859660268,,0.006429839408556901,0.006429839408556901,,0.004246422718794972,,,,0.2053253111673544,0.18379889917851472,0.14550436646702491,,,0.04832333654831224,,,,,,,,,,,,,,,,0.15177321797077337,,,,,,,0.04828067502343922,0.13686538232449139,0.04794630449321166,,0.006416818704065708,,,,,,,,,,,,,,,,,,,,,,,,,,,
851,,,,,,,,,,,,,,,,,,,,,,,,,0.004334313709374339,0.004404697408170628,,0.006403650410361321,0.00640365041036132,,0.004296040549511784,,,,0.20543900359943076,0.18390067203711535,0.14558493493277966,,,0.04817862608549794,,,,,,,,,,,,,,,,0.1518572576158471,,,,,,,0.04808793784375188,0.13694116722453648,0.04777709954308672,,0.0063909486301747635,,,,,,,,,,,,,,,,,,,,,,,,,,,
852,,,,,,,,,,,,,,,,,,,,,,,,,0.004285570606147417,0.004355172221946711,,0.006440169493012915,0.006440169493012916,,0.004247492736623504,,,,0.20551238734125393,0.1839663621894303,0.14563693853039872,,,0.04809106799964955,,,,,,,,,,,,,,,,0.15191150171551465,,,,,,,0.04800299194730505,0.1369900832292118,0.04769270026943251,,0.006427392227059993,,,,,,,,,,,,,,,,,,,,,,,,,,,
853,,,,,,,,,,,,,,,,,,,,,,,,,0.0038297239003594868,0.0038965370581348366,,0.005512470344873517,0.005512470344873517,,0.0037846762942249064,,,,0.19566978480629202,0.17979487364046237,0.1582910807544083,,,0.041121736785418875,,,,,,,,,,,,,,,,0.16580437511011453,,,,,,,0.04121782137791777,0.1491142159691182,0.040948483120756295,,0.005501750493045364,,,,,,,,,,,,,,,,,,,,,,,,,,,
854,,,,,,,,,,,,,,,,,,,,,,,,,0.004400015437512183,0.00447786443762496,,0.006479507251754921,0.006479507251754921,,0.0043381521364892215,,,,0.20504221450857585,0.18364182019312197,0.14558866649887942,,,0.04811642058715714,,,,,,,,,,,,,,,,0.15183651937009288,,,,,,,0.048226650942250385,0.13699479284938898,0.04791099874891142,,0.006466869786485664,,,,,,,,,,,,,,,,,,,,,,,,,,,
855,,,,,,,,,,,,,,,,,,,,,,,,,0.004526807933155605,0.004606986402433724,,0.006468817188322067,0.006468817188322066,,0.004470025440585768,,,,0.19670704903978162,0.17947093505007036,,,,0.04762309506871144,,,,,,,,,,,,,0.1452629116991033,,,0.15760788757085772,,,,,,,0.047692888808110914,0.1452629116991033,0.04738191821043027,,0.006448948701011744,,,,,,,,,,,,,,,,,,,,,,,,,,,
856,,,,,,,,,,,,,,,,,,,,,,,,,0.004765580867050838,0.004847229841924301,,0.0065873968103658835,0.006587396810365884,,0.004704942539971649,,,,0.19671689450529492,0.1794799178237447,,,,0.04671960724723377,,,,,,,,,,,,,0.14527018231291444,,,0.15761577606813973,,,,,,,0.0475874281938931,0.14527018231291441,0.047279977551106286,,0.0065674871150802295,,,,,,,,,,,,,,,,,,,,,,,,,,,
857,,,,,,,,,,,,,,,,,,,,,,,,,,,,,,,,,,,0.14322637902380747,0.12735943540862416,0.08831834176853905,,,0.029002440255708587,,,,,,,,,,,,,,,,0.10344979783580863,,,,0.02483293141896698,0.02409090273504777,,0.029632188984873947,0.09290220399666874,0.029437319525510666,,,0.10216670756226806,0.09075743878865655,0.09075743878865655,0.024066473906862815,,,,,,,,,,,,,,,,,,,,,,,
858,,,,,,,,,,,,,,,,,,,,,,,,,,,,,,,,,,,0.14496616017431208,0.12890647965126334,0.08939115103244698,,,0.029599338957685826,,,,,,,,,,,,,,,,0.10470640998731978,,,,0.024854401901002004,0.023902047733321517,,0.029830108800753798,0.0940306937654904,0.029628805483248293,,,0.09943068770537575,0.08832695863899416,,0.02409979752979181,0.08832695863899419,,,,,,,,,,,,,,,,,,,,,,
859,,,,,,,,,,,,,,,,,,,,,,,,,,,,,,,,,,,0.14070738046375067,0.12511949723110002,0.08676504008446467,,,0.030366821398927157,,,,,,,,,,,,,,,,0.10163037118016965,,,,0.02561490203269883,0.024934667098032385,,0.0306062987825368,0.09126828348783002,0.030399671426217415,,,0.10356146207522943,,0.09199643679843525,0.02503273114217244,0.09199643679843525,,,,,,,,,,,,,,,,,,,,,,
860,,,,,,,,,,,,,,,,,,,,,,,,,,,,,,,,,,,0.1412708328302532,0.1256205290645271,0.08711248431236625,,,0.030422605477519606,,,,,,,,,,,,,,,,0.1020373425342043,,,,0.023869485028285273,0.02450125759082385,,0.03066252278287848,0.09163376062306168,0.03045551585055629,,,0.10387601008744543,,0.09227585827188725,0.023985937274304134,0.09227585827188726,,,,,,,,,,,,,,,,,,,,,,
861,,,,,,,,,,,,,,,,,,,,,,,,,0.004824448755473248,0.0048972787436689525,,0.007031664821963032,0.007031664821963032,,0.004749643875818062,,,,0.20118134998977974,0.18356910233369172,,,,0.05115700632531097,,,,,,,,,,,,,,,,0.14631168644402498,,,,,,,0.05134118698171127,0.13446511769338035,0.051001621539872526,,0.007021926947141161,,,,,,0.14541630072620104,,,,,,,,,,,,,,,,,,,,,
862,,,,,,,,,,,,,,,,,,,,,,,,,,,,,,,,,,,0.16105431286839458,0.1469549520456178,,,,0.038295978805426546,,,,,,,,,,,,,,,,0.11712879014906469,0.048519386865033404,0.04565765026077676,0.04447710096411583,0.03289887851937545,0.03246137618870486,,0.03804386276931969,0.10764510296792093,0.03780746640358286,,,,,,0.0326431457740462,,0.11641199541862055,,,,,,,,,,,,,,,,,,,,,
863,,,,,,,,,,,,,,,,,,,,,,,,,,,,,,,,,,,0.15832720492680127,0.14446658641515153,,,,0.03899408630926846,,,,,,,,,,,,,,,,0.11514546633664527,0.04978215842782844,0.04684594191280712,0.04563466749415632,0.0347475980423619,0.03428813864019404,,0.03874697888078254,0.10582236497382991,0.038504702307420695,,,,,,0.03425329635148159,,0.1144408089812709,,,,,,,,,,,,,,,,,,,,,
864,,,,,,,,,,,,,,,,,,,,,,,,,,,,,,,,,,,0.16157257315206405,0.15397435379606947,0.10652573405507433,,,0.03746377015667254,,,,,,,,,,,,,,,,0.12510677817116034,0.046250390133334054,0.04523486839821113,0.0421616382037185,0.0323457683676761,,,0.036802976789549725,0.11224084991094208,0.036667853303017424,,,,,,0.03198909597786243,,,0.03166334958464783,,,,,,,,,,,,,,,,,,,,
865,,,,,,,,,,,,,,,,,,,,,,,,,,,,,,,,,,,0.1703723360851076,0.16218564743416525,0.1111700088673609,,,0.035140152507105504,,,,,,,,,,,,,,,,0.12483003773503132,0.04354576219033187,0.04258471128772344,0.03964987920767098,0.030370261929740447,,0.029795687138063673,0.034514293283359795,0.11117000886736089,0.03438778864381692,,,,,,0.030283424823161414,,,,,,,,,,,,,,,,,,,,,,,
866,,,,,,,,,,,,,,,,,,,,,,,,,,,,,,,,,,,0.17034783732577444,0.162162325883055,0.111154023130739,,,0.03545412016147442,,,,,,,,,,,,,,,,0.12481208774900487,0.04339930252831414,0.041953869596617614,0.039527039599824745,0.030400173659165742,,0.029825032967670813,0.034812367112483526,0.111154023130739,0.03468454612858337,,,,,,0.030313251026553304,,,,,,,,,,,,,,,,,,,,,,,
867,,,,,,,,,,,,,,,,,,,,,,,,,,,,,,,,,,,0.17156527942703484,0.16332126776260927,0.11194841881904496,,,0.03470873157083001,,,,,,,,,,,,,,,,0.12570409490775297,0.04351231044109803,0.04206287164545015,0.03963118976174046,,,0.029227481725530604,0.033812376287962236,0.11194841881904496,0.033691067779117234,,,,,,0.029709792139784814,,,0.029156698912999372,,,,,,,,,,,,,,,,,,,,
868,,,,,,,,,,,,,,,,,,,,,,,,,,,,,,,,,,,0.17021059745296319,0.16203168062610107,0.11106447245468462,,,0.03589270371327878,,,,,,,,,,,,,,,,0.12471153352233032,0.04292056880784271,0.04148245461197467,0.03906258029562404,0.02998082068107689,,0.030144020629705504,0.03546366981426031,0.11106447245468462,0.03532295169528427,,,,,,0.030647473240188947,,,,,,,,,,,,,,,,,,,,,,,
869,,,,,,,,,,,,,,,,,,,,,,,,,,,,,,,,,,,0.17144813636173648,0.16320975362642728,0.11187198155283604,,,0.03511141150575163,,,,,,,,,,,,,,,,0.12561826540281337,0.04277899158854236,0.04136032117681637,0.03894612203732415,0.029416452282823115,,0.02940575665722907,0.034691716575587284,0.11187198155283606,0.03455406152956034,,,,,,0.029715048149716365,,,,,,,,,,,,,,,,,,,,,,,
870,,,,,,,,,0.01808598632300123,0.018819682899608496,0.01834237754551528,0.008303721545539024,,0.008321720839851185,,,,,,,,,,,,,,,,,,,,,0.17016250016363563,0.16198589449562553,0.11103308839196704,,,,,,,,,,,,,,,,0.0801614672011231,,,0.12467629313894604,,,,,,,,0.11103308839196707,,,,,,,,,,,0.08060391972510676,0.0801614672011231,0.008308792136990551,,,,,,,,,,,,,,,,,
871,,,,,,,,,,,,,,,,,,,,,,,,,,,,,,,,,,,0.16884302148925429,0.16072981907870335,0.11017211260621511,,,0.03579699470574088,,,,,,,,,,,,,,,,0.1237095248448768,0.0448873294107253,0.043805509793484194,0.041276194809657586,0.02992851254284332,,0.029918110557890783,0.03533376690892707,0.11017211260621514,0.03519275976605371,,,,,,0.03023423087941257,,,,,,,,,,,,,,,,,,,,,,,
872,,,,,,,,,,,,,,,,,,,,,,,,,0.00403727275012681,0.004096414101978992,,0.0061166401629145885,0.00611664016291459,,0.003983582822885679,,,,0.20792822492810614,0.19793691015045833,0.13567568033747648,,,0.04727348681931724,,,,,,,,,,,,,,,,0.15234684667930887,,,,,,,0.04641751219176423,0.13567568033747648,0.04628632476738422,,0.006108783787887368,,,,,,,,,,,,,,,,,,,,,,,,,,,
873,,,,,,,,,,,,,,,,,,,,,,,,,,,,,,,,,,,0.16912678126631664,0.160943525948183,0.11115862902857154,,,0.03515330912165469,,,,,,,,,,,,,,,,0.1248535720797487,0.043745879507452914,0.043745879507452914,0.041207178541288365,0.02976204816104931,,0.029750712545509202,0.0347791622120721,0.11115862902857154,0.03454963988905439,,,,,,0.03006505316307463,,,,,,,,,,,,,,,,,,,,,,,
874,,,,,,,,,,,,,,,,,,,,,,,,,,,,,,,,,,,0.17086976344407234,0.16260217335607707,0.11230420460122713,,,0.03391211371731769,,,,,,,,,,,,,,,,0.1261402846236448,0.04311298392029448,0.043112983920294494,0.04061101173079852,0.029418556075279014,,0.029405905224551415,0.03356866490890049,0.11230420460122713,0.03334522812511199,,,,,,0.029291921751203435,,,,,,,,,,,,,,,,,,,,,,,
875,,,,,,,,,,,,,,,,,,,,,,,,,,,,,,,,,,,0.17150080984999513,0.1632026863726774,0.1127189600456965,,,0.03432706310751826,,,,,,,,,,,,,,,,0.126606138684945,0.04269635095047715,0.04166733562144755,0.03926147807475292,0.02976678635676693,,0.029749018832538218,0.033464091710377654,0.1127189600456965,0.03268559818297601,,,,,,0.02963472216413475,,,,,,,,,,,,,,,,,,,,,,,
876,,,,,,,,,,,,,,,,,,,,,,,,,,,,,,,,,,,0.17080067209673144,0.16253642501645696,0.11225879429192755,,,0.03488597195641772,,,,,,,,,,,,,,,,0.1260892796825543,0.043182904237049256,0.042127796027374716,0.03966958754421901,0.029709347050318403,,0.029691135536534855,0.034002614288055746,0.11225879429192752,0.03321200393695974,,,,,,0.029574674043472842,,,,,,,,,,,,,,,,,,,,,,,
877,,,,,,,,,,,,,,,,,,,,,,,,,,,,,,,,,,,0.16974436448351593,0.1615312271969046,0.11156453578810971,,,0.03438129173100874,,,,,,,,,,,,,,,,0.12530948728221697,0.044330649851461755,0.04324749823336482,0.040723953755428276,0.030099878817931563,,0.030090775174411326,0.03408562464112982,0.11156453578810971,0.033361808371198745,,,,,,0.02996436888520801,,,,,,,,,,,,,,,,,,,,,,,
878,,,,,,,,,,,,,,,,,,,,,,,,,,,,,,,,,,,0.17019792337133946,0.16196284048774412,0.11186263750669438,,,0.03404098180225476,,,,,,,,,,,,,,,,0.12564431566876388,0.044385120422058395,0.043300637898890604,0.040773992656401775,0.02977738205675809,,0.029768375951688686,0.033748241258797614,0.11186263750669441,0.0330315894044789,,,,,,0.029643324007434954,,,,,,,,,,,,,,,,,,,,,,,
879,,,,,,,,,,,,,,,,,,,,,,,,,,,,,,,,,,,0.17020553460806823,0.16197008345226327,0.11186763999437638,,,0.034354721914031466,,,,,,,,,,,,,,,,0.12564993447192696,0.044035258960818495,0.04295932208424826,0.04045259851184762,0.029475331879953368,,0.029756201171260092,0.03427120526745971,0.1118676399943764,0.03350148926556508,,,,,,0.02963303842380463,,,,,,,,,,,,,,,,,,,,,,,
880,,,,,,,,,,,,,,,,,,,,,,,,,,,,,,,,,,,0.17047774896707604,0.16222912662936634,0.11204655296559622,,,0.03435491809998329,,,,,,,,,,,,,,,,0.12585088984303403,0.04366597246372422,0.04259905856032639,0.04011335675977587,0.029535128016546085,,0.029820008404295162,0.03420967158136492,0.11204655296559622,0.03344035977284104,,,,,,0.02961065497047425,,,,,,,,,,,,,,,,,,,,,,,
881,,,,,,,,,,,,,,,,,,,,,,,,,,,,,,,,,,,0.17647539341634425,0.1679365730658286,0.11598850662538747,,,0.032749785692421846,,,,,,,,,,,,,,,,0.13027849928459415,0.040453383793788385,0.039462565743279915,0.03715336714796408,0.027089436860705814,,0.027332610620942496,0.030651877740598722,0.11598850662538747,0.031291098223005735,,,,,,0.02714839515975116,,,,,,,,,,,,,,,,,,,,,,,
882,,,,,,,,,,,,,,,,,,,,,,,,,,,,,,,,,,,0.17090118044829306,0.16263207023814474,0.11232485343691838,,,0.03448215001393626,,,,,,,,,,,,,,,,0.12616347743303677,0.04396082852838039,0.04287390270107606,0.04034747147696376,0.029348590771797335,,0.029632059330022754,0.03285410950229415,0.11232485343691838,0.032660948482301735,,,,,,0.02949350419991639,,,,,,,,,,,,,,,,,,,,,,,
883,,,,,,,,,,,,,,,,,,,,,,,,,,,,,,,,,,,0.18253824890047898,0.1737060752796407,0.11997332025791058,,,0.030135862736720045,,,,,,,,,,,,,,,,0.13475424912462422,0.03630691217167949,0.035408787477688754,0.033323649677866114,0.025930226199300282,,0.025921260539313044,0.02819619311109298,0.11997332025791058,0.02802757341665514,,,,,,0.02580432084911907,,,,,,,,,,,,,,,,,,,,,,,
884,,,,,,,,,,,,,,,,,,,,,,,,,,,,,,,,,,,0.18237313439113614,0.1735489498905103,0.11986479869583831,,,0.03044334220700563,,,,,,,,,,,,,,,,0.13463235751089342,0.03642875771578615,0.035527618926531765,0.033435483430277226,0.025743658790658437,,0.026117561670607026,0.02817467008351419,0.11986479869583831,0.02800645643147642,,,,,,0.02583841155992673,,,,,,,,,,,,,,,,,,,,,,,
885,,,,,,,,,0.016586424043259614,0.01672930121385115,0.016668747659805704,,,,,,,,,,,,,,,,,,,,,,,,0.1619464963522987,0.1541106614974909,0.10643938455941822,,,,,,,,,,,,,,,0.08104701873564009,0.08104701873564009,,,0.11955290820290347,,,,,,,,0.10643938455941825,,,,,,,,,,,,0.08104701873564009,,0.019461878568211244,0.019461878568211244,0.019461878568211244,,,,,,,,,,,,,,
886,,,,,,,,,,,,,,,,,0.14571691145044588,0.1475540002040128,0.13248947631222294,0.13248947631222294,0.12374566413451472,0.09442479433281169,,,0.011279518000508193,0.011516117839309063,,0.005269914663523091,0.005269914663523091,,0.011148133816692345,,,,,,,,,,,,,,,,,,,,,,,,,,,,,,,,,,,,0.005259681196490895,,,,,,,,,,,,,,0.08717365063275893,0.08666274644096335,,,,,,,,,,,,
887,,,,,,,,,,,,,,,,,0.1419085923148226,0.14407203215287864,0.12580230248851948,0.13008970908713993,0.11704679482388355,0.10173710583931528,,,0.012086555917456011,0.012337011068122239,,0.005229470822528603,0.005229470822528603,,0.011943360749478327,,,,,,,,,,,,,,,,,,,,,,,,,,,,,,,,,,,,0.0052192041971740495,,,,,,,,,,,,,,0.09392442931424705,0.09337396040190554,,,,,,,,,,,,
888,,,,,,,,,,,,,,,,,0.14287155761206682,0.14504861253690635,0.12666634587141679,0.13098071519673435,0.11785440287145317,0.10266844491700465,,,0.011335564740801454,0.011561684332638615,,0.0039054444858146976,0.003915216301390484,,0.011210000285713862,,,,,,,,,,,,,,,,,,,,,,,,,,,,,,,,,,,,0.003907499800075645,,,,,,,,,,,,,,0.09228700735149836,,0.09578750369648473,,,,,,,,,,,
889,,,,,,,,,,,,,,,,,0.1407985380142164,0.14352518661340125,0.1252690192667932,0.129552848474317,0.11683182637762995,0.10274138254167677,,,0.012145923217171853,0.012398603644027947,,0.0051883389603464445,0.005189755029095585,,0.012020944664879095,,,,,,,,,,,,,,,,,,,,,,,,,,,,,,,,,,,,0.005190366341219074,,,,,,,,,,,,,,0.09485158480353215,,,0.09429568205169339,,,,,,,,,,
890,,,,,,,,,,,,,,,,,0.1367990283150363,0.13964708391739566,0.13564199416641506,0.13564199416641506,0.12695577140135636,0.09739490278774,,,0.011610268144700866,0.011822455498396863,,0.00456290011857365,0.004564141040015283,,0.011490604482032474,,,,,,,,,,,,,,,,,,,,,,,,,,,,,,,,,,,,0.0045644781912751375,,,,,,,,,,,,,,0.08991567616345528,0.0893887016071921,,,,,,,,,,,,
891,,,,,,,,,,,,,,,,,0.13890472186324504,0.1418023917111089,0.13774735745039804,0.13774735745039804,0.1289192813077767,0.09546382263406777,,,0.010509937404052734,0.010701492657520512,,,0.004412482235410433,,0.010400491018751299,,,,,,,,,,,,,0.004406606428262626,,,,,,,,,,,,,,,,,,,,,,,0.004412815326250721,,,,,,,,,,,,,,,,0.08906686498957188,,0.08550437752318517,,,,,,,,,
892,,,,,,,,,,,,,,,,,0.14303481684535638,0.1455002575606922,0.1426292819677278,0.1426292819677278,0.13285975574670716,,,,0.009504275754907037,0.009675287190705815,,,,,0.009404899451175211,,,,,,,,,,,,,,,,,,,,,,,,,,,,,,,,,,,,,,,,,,,,,,,,,,,,,,,0.04499855700899968,0.04452515580619893,0.04436842313406526,0.044171157459406835,0.04405044512335562,0.04264840498297427,,,
893,,,,,,,,,,,,,,,,,0.14475163743652522,0.14653177425267028,0.13601151402112555,0.14401080635926813,0.13092242766341156,,,,0.00972882238700322,0.009902960802336451,,,,,0.009625399512444796,,,,,,,,,,,,,,,,,,,,,,,,,,,,,,,,,,,,,,,,,,,,,,,,,,,,,,,0.04498816104759374,0.044513648118227535,0.04435626637764491,0.04533397719502556,0.04554762172742833,0.043774983099294715,,,
894,,,,,,,,,,,,,,,,,0.14853509920700964,0.15036176454407088,0.13956652985899676,0.14777490457636677,0.13434442694946966,0.08210222735609633,,,0.009847990195284201,0.010007791636089043,,,,,0.009726957014315214,,,,,,,,,,,,,0.005525091455978402,,,,,,,,,,,,,,,,,,,,,,,0.005533396594270236,,,,,,,,,,,,,,0.07579736799304469,0.07535313750879138,,,,,,,,,,0.005523315110216848,,
895,,,,,,,,,,,,,,,,,0.1401824782152988,0.14773401974117797,0.13664054277893561,0.14476438962344387,0.13238232869779848,,,,0.009551236401563763,0.009705114621286223,,,,,0.009432607045229285,,,,,,,,,,,,,,,,,,,,,,,,,,,,,,,,,,,,,,,,,,,,,,,,,,,,,,,0.045635575385016114,,0.045360332352632815,0.044502664613554746,0.04550842680449796,0.043369858530888185,,0.045230425188676135,
896,,,,,,,,,,,,,,,,,0.1422482736694817,0.1482050576145385,0.13057131304292124,0.13708543598035933,0.13581201391479067,,,,0.009794596393018811,0.009974079600112698,,,,,0.009670213074963633,,,,,,,,,,,,,,,,,,,,,,,,,,,,,,,,,,,,,,,,,,,,,,,,,,,,,,,0.046737776304792,0.046286029782576635,0.04607328259558367,0.045901756753450054,0.04695762140954324,0.04468254986386776,,,
897,,,,,,,,,,,,,,,,,0.14545585613257953,0.15128081331942148,0.13654551894027805,0.13913956074693556,0.14226707843528527,0.08215794960814918,,,0.009841638067990875,0.01005537132993705,,,,,0.00971568183571725,,,,,,,,,,,,,0.005521681089467523,,,,,,,,,,,,,,,,,,,,,,,0.00553030750147172,,,,,,,,,,,,,,0.08098819081514755,0.07598045579993881,,,,,,,,,,0.0055198963776801595,,
898,,,,,,,,,,,,,,,,,0.14558013618424553,0.15141007031735407,0.13666218584252493,0.13925844404430276,0.14238863393898524,0.08192017622357844,,,0.009830098608163636,0.010050422515267445,,,,,0.009707818999045808,,0.005555062896689277,,,,,,,,,,,0.0055568539385350965,,,,,,,,,,,,,,,,,,,,,,,0.005565732956010518,,,,,,,,,,,,,,0.08075380283039107,0.07576056070490612,,,,,,,,,,,,
899,,,,,,,,,,,,,,,,,0.14571006224120642,0.1515451994217506,0.1367841528869829,0.13938272817404346,0.14251571167258714,0.08196144519463067,,,0.009794580900088865,0.010014425414747402,,,,,0.009673135395419785,,,,,,,,,,,,,0.005474910347011044,,,,,,,,,,,,,,,,,,,,,,,0.005483662110719206,,,,,,,,,,,,,,0.08038848630969989,,,0.0757983551423533,,,,,,,,0.005473144788759279,,
900,,,,,,,,,,,,,,,,,0.14565646270117574,0.1515751232840374,0.13653022557829417,0.13915235208847415,0.14353827957480178,0.08194125055619333,,,0.009774234514071542,0.009994408314711172,,,,,,,,,,,,,,,,,,0.0053858244877514425,,,,,,,,,,,,,,,,,,,,,,,0.005394686728869929,,,,,,,,,,,,,,0.08036697388113229,0.07565337249131722,,,,,,,,,,0.005384086068545583,,0.009652719730624093
