threshold,BAT1,SHM1,SHM2,MIS1,MET6,CYS4,SAM4,YND1,GUA1,ADE12,PDC5,PDC6,PDC1,STR3,MHT1,ADE3,SAH1,PGI1,TAL1,TKL1,RPS8B,RPS13,RPS8A,RPS2,ADE13,RPS3,RPS5,RPL5,OAC1,SOL4,PGM2,GAD1,NQM1,TKL2,ILV2,TPI1,ASC1,ILV1,ILV6,ILV3,ILV5,RPO21,RPO26,SPT15,NOP7,YTM1,RPF2,TFS1,DCS2,LEU1,TRP5,HIS4,HIS3,RPB3,RPB4,URA3,URA4,URA6,LEU2,AMD1,APT1,IDH1,IDH2,KGD1,ACS1,ACS2,MLS1,CYT1,QCR2,RIP1,QCR8,ACO1,GPM1,MSC1,TOM40,TOM22,TOM70,RPS20,HSP82,HSC82,AHA1
800,0.7208292836298155,0.03845759993325779,0.03670947248785437,0.032263831876481346,0.03132251236431253,0.031004892605158783,0.030250666904667486,0.02659848195555892,0.026333322978659198,0.02622993526423409,,,,,,,,,,,,,,,,,,,,,,,,,,,,,,,,,,,,,,,,,,,,,,,,,,,,,,,,,,,,,,,,,,,,,,,
801,0.6735263632955242,0.023533439109875348,0.023197744130419338,,0.020699804605999475,,,,,,0.06594702351045853,0.0659470235104585,0.0659470235104585,0.020699804605999475,0.020699804605999475,0.019801969114807225,,,,,,,,,,,,,,,,,,,,,,,,,,,,,,,,,,,,,,,,,,,,,,,,,,,,,,,,,,,,,,,,,
802,0.6822074556594577,,,,,,0.019937758800268674,,,,0.07301548118236713,0.07301548118236713,0.07301548118236713,,0.019860752356900675,,0.019937758800268674,0.0132687032068521,0.012910429273363222,0.012830698355787542,,,,,,,,,,,,,,,,,,,,,,,,,,,,,,,,,,,,,,,,,,,,,,,,,,,,,,,,,,,,,
803,0.7426186822865853,0.03440029813662556,0.0339123533933925,0.028911271527719218,,,0.030552763299678903,0.023929823247721534,0.021811415073071123,0.022875871657013703,,,,,0.030434758078513275,,0.030552763299678903,,,,,,,,,,,,,,,,,,,,,,,,,,,,,,,,,,,,,,,,,,,,,,,,,,,,,,,,,,,,,,,,
804,0.6068212998767509,,,,,,,,,,0.10954299377473066,0.10954299377473066,0.10954299377473069,,,,,0.02007308235103213,0.019534473098235673,0.019412942894078897,0.0018439141976358793,0.0018435017246974795,0.0018418045333768672,,,,,,,,,,,,,,,,,,,,,,,,,,,,,,,,,,,,,,,,,,,,,,,,,,,,,,,,,,
805,0.6068159704534298,,,,,,,,,,0.10901137444443729,0.10901137444443729,0.10901137444443729,,,,,0.020350625180512987,0.019795015730154488,0.019671498358716812,0.0021127890979430954,,0.00211054524280075,0.002109432603130291,,,,,,,,,,,,,,,,,,,,,,,,,,,,,,,,,,,,,,,,,,,,,,,,,,,,,,,,,
806,0.7436633311780665,0.03413316372282857,0.032666735028808645,0.02885429972843153,,,0.030652930470785756,0.024008277123605044,0.021882923752147957,0.022950870154793142,,,,0.03053453836974729,,,0.03065293047078575,,,,,,,,,,,,,,,,,,,,,,,,,,,,,,,,,,,,,,,,,,,,,,,,,,,,,,,,,,,,,,,,
807,0.7450835277462827,0.0342291539214237,0.03275860129729558,0.028935444564103557,,0.03062487611297536,0.030743618482129684,0.023147272576179535,,0.022191345810759558,,,,,,,0.030743618482129684,,,,,,,,0.021542541006720588,,,,,,,,,,,,,,,,,,,,,,,,,,,,,,,,,,,,,,,,,,,,,,,,,,,,,,,,
808,0.599227114969678,,,,,,,,,,0.11135112281373351,0.11135112281373351,0.11135112281373351,,,,,0.020410006012199597,0.019862356284292372,0.019738786213979984,0.0022378076070322384,0.0022327528645851367,0.0022378076070322392,,,,,,,,,,,,,,,,,,,,,,,,,,,,,,,,,,,,,,,,,,,,,,,,,,,,,,,,,,
809,0.6200373330039918,,,,,,,,,,0.10069395654855776,0.10069395654855776,0.10069395654855776,,,,,0.023873173888452483,0.023219230038570814,0.023073372886099997,0.0025736114769502323,0.002567797583311225,0.0025736114769502323,,,,,,,,,,,,,,,,,,,,,,,,,,,,,,,,,,,,,,,,,,,,,,,,,,,,,,,,,,
810,0.6196389770374213,,,,,,,,,,0.1007795847443196,0.1007795847443196,0.1007795847443196,,,,,0.024420010134831405,0.023323181468425134,0.0231931618154579,,,,,,0.0023663502616789096,0.002365296423646984,0.002354268625579659,,,,,,,,,,,,,,,,,,,,,,,,,,,,,,,,,,,,,,,,,,,,,,,,,,,,,
811,0.6187916113665255,,,,,,,,,,0.10443205670754627,0.10443205670754627,0.09397376616643735,,,,,0.024562776537053254,0.023460226037323346,0.02332854991296937,,,,,,0.0023444301875797735,0.0023408473435441303,0.0023336790334745096,,,,,,,,,,,,,,,,,,,,,,,,,,,,,,,,,,,,,,,,,,,,,,,,,,,,,
812,0.6179505229703377,,,,,,,,,,0.10452318905265247,0.10452318905265247,0.09405577211326258,,,,,0.024506708273804287,0.023450267269928538,0.023318176433489504,,,,,,0.002565231782955052,0.0025536209564915907,0.002553322094425967,,,,,,,,,,,,,,,,,,,,,,,,,,,,,,,,,,,,,,,,,,,,,,,,,,,,,
813,0.6081973710908279,,,,,,,,,,0.10462465902665222,0.10462465902665222,0.10462465902665222,,,,,0.024113482537818857,0.02307399280241349,0.022944021447538238,,,,,,0.002607930697712127,0.0025933965774150346,0.0025958277663175764,,,,,,,,,,,,,,,,,,,,,,,,,,,,,,,,,,,,,,,,,,,,,,,,,,,,,
814,0.6061851979722062,,,,,,,,,,0.10523296962733247,0.10523296962733245,0.10523296962733245,,,,,0.02435068641994034,0.023300971243216943,0.02316972136252559,,,,,,0.002440509094412381,0.002429917357349169,0.002424087668352079,,,,,,,,,,,,,,,,,,,,,,,,,,,,,,,,,,,,,,,,,,,,,,,,,,,,,
815,0.6063885133910575,,,,,,,,,,0.10522705113120305,0.10522705113120305,0.10522705113120305,,,,,0.024229065690009224,0.023187462604304074,0.02305695755969836,,,,,,0.0024952034893277533,0.002484223197249966,0.002477420674744032,,,,,,,,,,,,,,,,,,,,,,,,,,,,,,,,,,,,,,,,,,,,,,,,,,,,,
816,0.35559702601327875,,,,,,,,,,0.10509331552960144,0.10509331552960148,0.10509331552960148,,,,,0.02406629306872955,0.02303484550596827,0.022905315559224895,,,,,,0.002565721272534609,0.002556122939701891,0.0025495957975726355,0.2514451332541849,,,,,,,,,,,,,,,,,,,,,,,,,,,,,,,,,,,,,,,,,,,,,,,,,,,,
817,0.35610777902995583,,,,,,,,,,0.10520010819831463,0.10520010819831463,0.10520010819831463,,,,,0.023671503051030506,0.022662608187302043,0.022535393985022904,,,,,,0.002547717861174483,0.0025371774706574373,0.002531205551064063,0.2518062902688489,,,,,,,,,,,,,,,,,,,,,,,,,,,,,,,,,,,,,,,,,,,,,,,,,,,,
818,0.35596566491847614,,,,,,,,,,0.10537584403311666,0.10537584403311666,0.10537584403311666,,,,,0.023536809650480703,0.022537816723968086,0.022411461553401915,,,,,,0.002580442686263346,0.002570698182128591,0.0025637737949053877,0.25170580039102586,,,,,,,,,,,,,,,,,,,,,,,,,,,,,,,,,,,,,,,,,,,,,,,,,,,,
819,0.3652716981444712,,,,,,,,,,0.10098155486007224,0.10098155486007224,0.10098155486007224,,,,,0.02253525471392267,0.02157877163950952,0.021457793223342916,,,,,,0.0026508177309218935,0.0026409787673086762,0.0026338599136560385,0.25828616128665044,,,,,,,,,,,,,,,,,,,,,,,,,,,,,,,,,,,,,,,,,,,,,,,,,,,,
820,0.3653397463217949,,,,,,,,,,0.10095012351100319,0.10095012351100319,0.1009501235110032,,,,,0.022526893448414565,0.021570765258338894,0.02144983172884747,,,,,,0.0026569707540179963,0.002647104582394761,0.0026240387465000046,0.25833427862668196,,,,,,,,,,,,,,,,,,,,,,,,,,,,,,,,,,,,,,,,,,,,,,,,,,,,
821,0.36351145147327635,,,,,,,,,,0.09311851543610951,0.09311851543610951,0.09311851543610951,,,,,0.020134034180699742,0.019594448081467403,0.019472468951835877,,,,,,,,,0.2570414786081674,0.01375728666038523,0.013574194654261284,0.01355909108157817,,,,,,,,,,,,,,,,,,,,,,,,,,,,,,,,,,,,,,,,,,,,,,,,,
822,0.3777185745238789,,,,,,,,,,0.09633675022945438,0.09633675022945434,0.09633675022945434,,,,,0.020705183373576047,0.020193785587137733,,,,,,,0.0017144405566201593,0.001705066702114866,0.0016959369113972809,0.2670874342469639,,,,0.020169327409947948,,,,,,,,,,,,,,,,,,,,,,,,,,,,,,,,,,,,,,,,,,,,,,,,
823,0.377625752854476,,,,,,,,,,0.09627124755557172,0.09627124755557172,0.09627124755557172,,,,,0.020768611307201923,0.02023674991543816,,,,,,,0.0017817660945742132,0.0017721829903477758,0.0017628240262817032,0.26702179939817583,,,,0.02021657074678923,,,,,,,,,,,,,,,,,,,,,,,,,,,,,,,,,,,,,,,,,,,,,,,,
824,0.37637635086173865,,,,,,,,,,0.09649544624666828,0.09649544624666828,0.09649544624666828,,,,,0.02113410875278131,0.020598260396306495,,,,,,,0.0018956608674346362,0.0018854429134970612,0.0018755661431973671,0.2661383385490399,,,,0.020609932775999755,,,,,,,,,,,,,,,,,,,,,,,,,,,,,,,,,,,,,,,,,,,,,,,,
825,0.3765012075093308,,,,,,,,,,0.0965274570196584,0.09652745701965837,0.09652745701965837,,,,,0.020973290186338683,,,,,,,,0.001855639059897711,0.001848640765158018,0.0018391100403829048,0.26622662555397764,,,,0.020624920305016628,0.020548195520922564,,,,,,,,,,,,,,,,,,,,,,,,,,,,,,,,,,,,,,,,,,,,,,,
826,0.37865010475903715,,,,,,,,,,0.09499140828228397,0.094991408282284,0.094991408282284,,,,,0.02041426909802139,,,0.0027136533060583955,0.0027069127602489503,0.00270834246111098,,,,,,0.2677461257628511,,,,0.02007900338467465,0.02000736362114543,,,,,,,,,,,,,,,,,,,,,,,,,,,,,,,,,,,,,,,,,,,,,,,
827,0.3917350541144255,,,,,,,,,,0.08871591714190769,0.08871591714190769,0.08871591714190769,,,,,0.019935855434137156,0.019044437913002008,,0.0023789920647947693,0.0023729242187903172,0.002374442094261306,,,,,,0.2769985845676304,,,,,0.01901195816723546,,,,,,,,,,,,,,,,,,,,,,,,,,,,,,,,,,,,,,,,,,,,,,,
828,0.3929802213822712,,,,,,,,,,0.08869204202369727,0.08869204202369727,0.08869204202369727,,,,,0.018946822918632596,0.018455820949183823,,0.002380190032348263,0.0023739847170816306,0.0023810060277267104,,,,,,0.27787905101330734,,,,,0.018526776888356567,,,,,,,,,,,,,,,,,,,,,,,,,,,,,,,,,,,,,,,,,,,,,,,
829,0.3722682679228217,,,,,,,,,,0.09858969202009767,0.09858969202009767,0.09858969202009767,,,,,0.020934880689767697,0.020390665788354544,,0.0023142531055733986,0.0023080126821670805,0.0023149477100936847,,,,,,0.26323348449675477,,,,,0.020466411544174157,,,,,,,,,,,,,,,,,,,,,,,,,,,,,,,,,,,,,,,,,,,,,,,
830,0.39350315971018685,,,,,,,,,,0.08848900506827174,0.08848900506827174,0.08848900506827176,,,,,0.018827937982363267,0.01832348590101884,,0.002426978761452943,0.002420432740589206,0.00242770617116716,,,,,,0.27824882434639914,,,,0.018354459182007347,,,,,,,,,,,,,,,,,,,,,,,,,,,,,,,,,,,,,,,,,,,,,,,,
831,0.393099358839271,,,,,,,,,,0.08867713663949231,0.08867713663949231,0.08867713663949231,,,,,0.018867133296008837,0.0183616310647454,,0.0024301124035590272,0.002423343060541017,0.0024310486538665025,,,,,,0.2779632939387523,,,,0.018392668824779038,,,,,,,,,,,,,,,,,,,,,,,,,,,,,,,,,,,,,,,,,,,,,,,,
832,0.38909358168025004,,,,,,,,,,0.09055280484935896,0.09055280484935896,0.09055280484935896,,,,,0.01919847771391923,0.01868420587450775,,0.002506209996200135,0.002499226332419222,0.0025071765992966378,,,,,,0.2751307810158265,,,,0.01872192623950355,,,,,,,,,,,,,,,,,,,,,,,,,,,,,,,,,,,,,,,,,,,,,,,,
833,0.39401660668255084,,,,,,,,,,0.08768615527294278,0.08768615527294278,0.08768615527294278,,,,,0.019611481003173455,,,0.002375216468395201,0.002368594756435085,0.002376242405648931,,,,,,0.2786118862758884,,,,0.01884854544899461,0.018732961140084933,,,,,,,,,,,,,,,,,,,,,,,,,,,,,,,,,,,,,,,,,,,,,,,
834,0.3863492555730165,,,,,,,,,,0.09149536531222952,0.09149536531222947,0.09149536531222947,,,,,0.019809380037152588,0.01929618115903879,,0.002501860867780693,0.0024949377321037995,0.002502601458063551,,,,,,0.2731902489155931,,,,0.019369438320562305,,,,,,,,,,,,,,,,,,,,,,,,,,,,,,,,,,,,,,,,,,,,,,,,
835,0.2814115921748437,,,,,,,,,,0.09985468515376204,0.09985468515376204,0.09985468515376204,,,,,0.021223966236972962,0.02065191023986679,,0.0028715426927713407,0.0028634347311845714,0.002872329816202429,,,,,,0.17392205798039986,,,,0.02069705268607238,,0.17392205798039986,,,,,,,,,,,,,,,,,,,,,,,,,,,,,,,,,,,,,,,,,,,,,,
836,0.3534723189841122,,,,,,,,,,0.10641011196489042,0.10641011196489042,0.10641011196489042,,,,,0.02365872335669105,,,0.002773100522546431,0.0027650504348860497,0.002773805070526469,,,,,,0.24994273811870102,,,,0.02275948072089447,0.02262444689697103,,,,,,,,,,,,,,,,,,,,,,,,,,,,,,,,,,,,,,,,,,,,,,,
837,0.3539767091384662,,,,,,,,,,0.10653347991486792,0.10653347991486792,0.10653347991486792,,,,,0.023038181830618683,,0.02228553929434318,0.002841336941123204,0.0028330578383974785,0.002842117577767544,,,,,,0.25029939590910927,,,,0.02228322172557081,,,,,,,,,,,,,,,,,,,,,,,,,,,,,,,,,,,,,,,,,,,,,,,,
838,0.3534171059635544,,,,,,,,,,0.10636506071649787,0.10636506071649787,0.10636506071649787,,,,,0.02377517115940288,,,0.0028453407795264517,0.0028370458065986133,0.0028462501340541973,,,,,,0.2499036966073949,,,,0.022670013733551115,,,0.022610193666423854,,,,,,,,,,,,,,,,,,,,,,,,,,,,,,,,,,,,,,,,,,,,,
839,0.3534011766323328,,,,,,,,,,0.10637453626871711,0.10637453626871711,0.10637453626871711,,,,,0.023777874976593404,,,0.002842325299100007,0.002833990553773918,0.002843234001069177,,,,,,0.24989243286636595,,,,0.02267259186737111,,,0.022612764997242307,,,,,,,,,,,,,,,,,,,,,,,,,,,,,,,,,,,,,,,,,,,,,
840,0.3530708816714235,,,,,,,,,,0.10626086041823093,0.10626086041823096,0.10626086041823096,,,,,0.02401873339617239,,,0.0029226061827116677,0.0029140319049633465,0.002923677245605319,,,,,,0.2496588789995349,,,,0.022911881745959727,,,0.02279672759893635,,,,,,,,,,,,,,,,,,,,,,,,,,,,,,,,,,,,,,,,,,,,,
841,0.3526960178249545,,,,,,,,,,0.10653302432306315,0.10653302432306311,0.10653302432306311,,,,,0.024078747722400946,,,0.0028079998851002898,,0.0028034949649720278,,,,,,0.24939381016337417,,,,0.02296913044108997,,,0.02285368856455014,0.00279803746436869,,,,,,,,,,,,,,,,,,,,,,,,,,,,,,,,,,,,,,,,,,,,
842,0.3527955077220802,,,,,,,,,,0.10656954846594051,0.10656954846594051,0.10656954846594051,,,,,0.024122363436515297,,0.02293924460211511,,,,,,0.0026427800838471093,0.002630805490047166,0.002627654495588379,0.2494641601624185,,,,0.02306883860956683,,,,,,,,,,,,,,,,,,,,,,,,,,,,,,,,,,,,,,,,,,,,,,,,
843,0.35289207612575735,,,,,,,,,,0.10658574399641034,0.10658574399641034,0.10658574399641035,,,,,0.02393504931668816,,,,,,,,0.002632533261302663,0.002620705391445847,0.0026171820291075562,0.2495324443531019,,,,0.02307817902858987,0.02293459850477544,,,,,,,,,,,,,,,,,,,,,,,,,,,,,,,,,,,,,,,,,,,,,,,
844,0.3534983007764701,,,,,,,,,,0.10608885001312318,0.10608885001312318,0.10608885001312318,,,,,0.023900185957453683,,,0.002807259051783817,,0.00280329536743029,,,,,,0.2499611100249986,,,,0.02305485404940399,0.022910786060931894,,,0.0027976586721580312,,,,,,,,,,,,,,,,,,,,,,,,,,,,,,,,,,,,,,,,,,,,
845,0.35314715477743663,,,,,,,,,,0.10618059831093603,0.10618059831093603,0.10618059831093603,,,,,0.023732646355999323,,,0.0028591830108853785,,0.002859183010885378,,,,,,0.24971281224391606,,,,0.02322487204892595,0.023068930465653358,,,0.0028534231534899745,,,,,,,,,,,,,,,,,,,,,,,,,,,,,,,,,,,,,,,,,,,,
846,0.35342874615842584,,,,,,,,,,0.10603584413110917,0.10603584413110917,0.10603584413110917,,,,,0.023699877134400492,,,0.002875904848686908,,0.002875904848686908,,,,,,0.24991192747024368,,,,0.023192803944621053,0.023037077680121677,,,0.002870225521485864,,,,,,,,,,,,,,,,,,,,,,,,,,,,,,,,,,,,,,,,,,,,
847,0.3534779353284926,,,,,,,,,,0.10601813410402246,0.10601813410402246,0.10601813410402246,,,,,0.02369507860728637,,,0.0028704255896099,,0.0028704255896099,,,,,,0.24994670947492117,,,,0.0231881080848936,0.023032413350376365,,,0.002864501662742627,,,,,,,,,,,,,,,,,,,,,,,,,,,,,,,,,,,,,,,,,,,,
848,0.35372286713985207,,,,,,,,,,0.10586777422082423,0.10586777422082423,0.10586777422082423,,,,,0.023661261169847885,,,0.00291466232928599,,0.00291466232928599,,,,,,0.2501199024642888,,,,0.023155014191960217,0.02299954166379356,,,0.0029087660492126593,,,,,,,,,,,,,,,,,,,,,,,,,,,,,,,,,,,,,,,,,,,,
849,0.3539979469387396,,,,,,,,,,0.105642631693851,0.105642631693851,0.105642631693851,,,,,0.02372929476738469,,,0.002914455393075787,,0.002914455393075787,,,,,,0.25031441330556964,,,,0.02322459732789285,0.023068388325334824,,,0.002908553467373715,,,,,,,,,,,,,,,,,,,,,,,,,,,,,,,,,,,,,,,,,,,,
850,0.35369399675936597,,,,,,,,,,0.1060664943832764,0.1060664943832764,0.1060664943832764,,,,,0.023159744675569617,,,0.0029116130538326453,,0.0029116130538326453,,,,,,0.2500994880172114,,,,0.023139298446188457,0.022979045933422433,,,0.0029057169107476093,,,,,,,,,,,,,,,,,,,,,,,,,,,,,,,,,,,,,,,,,,,,
851,0.3536947470723268,,,,,,,,,,0.10607495750939627,0.10607495750939627,0.10607495750939627,,,,,0.023183584203401494,,,0.002890732368338342,,0.002890732368338342,,,,,,0.2501000185687307,,,,0.023139944966262458,0.02299036938674459,,,0.002884998537668667,,,,,,,,,,,,,,,,,,,,,,,,,,,,,,,,,,,,,,,,,,,,
852,0.35371485816967113,,,,,,,,,,0.10604783157494864,0.10604783157494864,0.10604783157494864,,,,,0.02316570468165359,,,0.0029234721064430465,,0.0029234721064430465,,,,,,0.25011423926570425,,,,0.023123278012772922,0.022973808980918144,,,0.0029176719515479777,,,,,,,,,,,,,,,,,,,,,,,,,,,,,,,,,,,,,,,,,,,,
853,,,,,,,,,,,,,,,,,,,,,0.0034911993129608213,,0.0034911993129608213,,,,,,,,,,,,0.1661212788988309,,0.0034844101355147616,0.20039042030504314,0.17736647985443962,0.17735487629907476,0.17147059061479986,0.027349882580745513,0.026220305997076726,0.02600469938527006,0.005840828607746623,0.005740677063571411,0.005673151631964887,,,,,,,,,,,,,,,,,,,,,,,,,,,,,,,,,,
854,0.3525273888031911,,,,,,,,,,0.10638170698243879,0.10638170698243879,0.10638170698243879,,,,,0.023423216897870594,,,0.0029451172423328935,,0.0029451172423328935,,,,,,0.2492745714078559,,,,0.02347687736314568,0.023323216934987376,,,0.0029393731609671705,,,,,,,,,,,,,,,,,,,,,,,,,,,,,,,,,,,,,,,,,,,,
855,0.35243003948979246,,,,,,,,,,0.1065702651160379,0.1065702651160379,0.1065702651160379,,,,,0.023267329820685478,,,0.0029814436706692626,,0.0029814436706692626,,,,,,0.2492057350304706,,,,0.023301429115401277,0.023149497464374984,,,0.0029722863898229168,,,,,,,,,,,,,,,,,,,,,,,,,,,,,,,,,,,,,,,,,,,,
856,0.353350569642752,,,,,,,,,,0.10621122972713819,0.10621122972713819,0.10621122972713819,,,,,0.02281528603711441,,,0.003008292317475538,,0.003008292317475538,,,,,,0.24985664831163726,,,,0.023239082046833746,0.02308894006639381,,,0.0029992000789031076,,,,,,,,,,,,,,,,,,,,,,,,,,,,,,,,,,,,,,,,,,,,
857,0.33969277863833847,,,,,,,,,,0.10168516160435738,0.10168516160435738,0.10168516160435738,,,,,0.022297183850090163,,,,,,,,,,,0.24019912918791342,0.01610699724583985,0.015625706746277952,,0.02278133701340189,0.02263152064885182,,,,,,,,,,,,,,0.015609861856214206,,,,,,,,,,,,,,,,,,,,,,,,,,,,,,,,,
858,0.33896908981798096,,,,,,,,,,0.10148489523528255,0.10148489523528255,0.10148489523528255,,,,,0.022833651158710947,,,,,,,,,,,0.2396874037837123,0.01643869891587395,0.015808811965218897,,0.02301167263757226,0.022856382354381036,,,,,,,,,,,,,,0.015939603660701997,,,,,,,,,,,,,,,,,,,,,,,,,,,,,,,,,
859,0.3554767877963602,,,,,,,,,,0.09003421977818664,0.09003421977818664,0.09003421977818664,,,,,0.024052186886247693,,,,,,,,,,,0.2513601119737364,0.017178265433787317,0.016722075663858933,,0.0242418660992921,0.024078205908298886,,,,,,,,,,,,,,0.0167878409038586,,,,,,,,,,,,,,,,,,,,,,,,,,,,,,,,,
860,0.3562438149541684,,,,,,,,,,0.09020666091272538,0.09020666091272538,0.09020666091272538,,,,,0.024097577715140185,,,,,,,,,,,0.25190248221813055,0.01607367605452639,0.016499110767439106,,0.02428761488718202,0.024123645839794136,,,,,,,,,,,,,,0.016152094825442935,,,,,,,,,,,,,,,,,,,,,,,,,,,,,,,,,
861,0.37096170846363624,,,,,,,,,,0.09452424468306612,0.09452424468306612,0.09452424468306612,,,,,0.024566769200491237,,,0.003148724928956341,,0.003148724928956341,,,,,,0.2623096072050838,,,,0.024655216981196146,0.024492149858286957,,,0.003144364384194464,,,,,,,,,,,,,,,,,,,,,,,,,,,,,,,,,,,,,,,,,,,,
862,0.3569289089347109,,,,,,,,,,0.09016895770139144,0.09016895770139144,0.09016895770139144,,,,,0.023219472336554803,,,,,,,,,,,0.25238691694234766,0.017109488306027713,0.016881959546770475,,0.023066610299636314,0.022923279353518528,,,,,,,,,,,,,,0.016976491176259226,,,,,,,,,,,,,,,,,,,,,,,,,,,,,,,,,
863,0.3610483705715928,,,,,,,,,,0.08777113094468803,0.08777113094468803,0.08777113094468803,,,,,0.022652623499639223,,,,,,,,,,,0.255299816951198,0.01776534093841187,0.017530433969679248,,0.022509072718706433,0.022368328300293318,,,,,,,,,,,,,,0.01751262021641502,,,,,,,,,,,,,,,,,,,,,,,,,,,,,,,,,
864,0.35891674391495265,,,,,,,,,,0.08722254329749553,0.08722254329749553,0.08722254329749553,,,,,0.024004075110102614,,,,,,,,,,,0.25379252889894355,0.018378205650030476,,,0.023580686498909986,0.023494109138801914,,,,,,,,,,,,,,0.01817555167516822,0.01799046922060404,,,,,,,,,,,,,,,,,,,,,,,,,,,,,,,,
865,0.36155800583991393,,,,,,,,,,0.08568569703326784,0.08568569703326784,0.08568569703326784,,,,,0.024005461855416098,,,,,,,,,,,0.25566018359821624,0.018349824531393007,,0.018002664318161336,0.023577915625517126,0.0234914959010021,,,,,,,,,,,,,,0.01829735723057665,,,,,,,,,,,,,,,,,,,,,,,,,,,,,,,,,
866,0.3617064112748132,,,,,,,,,,0.08549505503680073,0.08549505503680073,0.08549505503680072,,,,,0.024135783682576593,,,,,,,,,,,0.2557651221146382,0.018331988674363562,,0.01798516589759723,0.023698903210080495,0.02361188766425797,,,,,,,,,,,,,,0.018279572371270616,,,,,,,,,,,,,,,,,,,,,,,,,,,,,,,,,
867,0.227972427111837,,,,,,,,,,0.08663024364037489,0.08663024364037489,0.08663024364037489,,,,,0.023864147182062312,,,,,,,,,,,0.1948336659337786,,,0.017316414416411876,0.02324785400655046,0.02316444778631431,,,,,,,,,,,,,,0.017602169004816315,0.017274477703325866,0.1948336659337786,,,,,,,,,,,,,,,,,,,,,,,,,,,,,,,
868,0.22596169152005993,,,,,,,,,,0.08645562794376575,0.08645562794376575,0.08645562794376575,,,,,0.024971239420555087,,,,,,,,,,,0.1931152169461856,0.0179088136302688,,0.018006299869740026,0.024672752343696598,0.024574852061014334,,,,,,,,,,,,,,0.018307033430996773,,0.1931152169461856,,,,,,,,,,,,,,,,,,,,,,,,,,,,,,,
869,0.22476915681349985,,,,,,,,,,0.08788195534547691,0.08788195534547691,0.08788195534547691,,,,,0.024741665757140558,,,,,,,,,,,0.19209603268966846,0.017893757839385727,,0.017887251788537704,0.024445922828081963,0.024348922593898138,,,,,,,,,,,,,,0.01807539096368839,,0.19209603268966846,,,,,,,,,,,,,,,,,,,,,,,,,,,,,,,
870,0.22506385657143824,,,,,,,,,,0.08790726830025936,0.08790726830025936,0.08790726830025936,,,,,0.024844771714958257,,,,,,,,,,,0.1923478939998995,0.017519058320313485,,0.017512688507708183,0.02452149697196638,0.024423647008981537,,,,,,,,,,,,,,0.01769688800405689,,0.1923478939998995,,,,,,,,,,,,,,,,,,,,,,,,,,,,,,,
871,0.23574570790527077,,,,,,,,,,0.07942706837099807,0.07942706837099807,0.07942706837099807,,,,,0.022446724748552745,,,,,,,,,,,0.20147699913202693,0.018721181430219554,,0.01871467467692695,0.022156254921785676,0.022067835529328964,,,,,,,,,,,,,,0.01891241741086726,,0.20147699913202693,,,,,,,,,,,,,,,,,,,,,,,,,,,,,,,
872,0.23876388456501899,,,,,,,,,,0.09000085825828506,0.09000085825828506,0.09000085825828506,,,,,0.024764902863307958,,,0.003265230309563186,,0.003265230309563186,,,,,,0.20405644450840146,,,,0.024316488118996255,0.02424776368083336,,,0.0032610363610589546,,,,,,,,,,,,,0.20405644450840146,,,,,,,,,,,,,,,,,,,,,,,,,,,,,,,
873,0.2351888974367208,,,,,,,,,,0.07958473869093072,0.07958473869093072,0.07958473869093072,,,,,0.02250836019541175,,,,,,,,,,,0.20100112831645378,0.018989845060339773,,0.01898261230600764,0.022268797160883726,0.022121835999944606,,,,,,,,,,,,,,0.01918317913499191,,0.20100112831645378,,,,,,,,,,,,,,,,,,,,,,,,,,,,,,,
874,0.23952357991907613,,,,,,,,,,0.0766650007481279,0.0766650007481279,0.0766650007481279,,,,,0.02170523734022314,,,,,,,,,,,0.20470570824919246,0.01887543695999745,,0.01886731996286177,0.02148541506777347,0.02134240574481909,,,,,,,,,,,,,,0.018794186262480413,,0.20470570824919246,,,,,,,,,,,,,,,,,,,,,,,,,,,,,,,
875,0.2405699009102123,,,,,,,,,,0.07591945893970867,0.07591945893970867,0.07591945893970867,,,,,0.021786337937213702,,,,,,,,,,,0.20559993285797154,0.018932543092672095,,0.018921242429776264,0.021238636363403934,0.020744550311917898,,,,,,,,,,,,,,0.018848546419734675,,0.20559993285797154,,,,,,,,,,,,,,,,,,,,,,,,,,,,,,,
876,0.23928348756288878,,,,,,,,,,0.07693252326869598,0.07693252326869598,0.07693252326869598,,,,,0.022011717743203058,,,,,,,,,,,0.2045005164437128,0.01886446939516477,,0.01885290567604878,0.021454352745989582,0.020955507768560817,,,,,,,,,,,,,,0.018778956414630735,,0.2045005164437128,,,,,,,,,,,,,,,,,,,,,,,,,,,,,,,
877,0.28617196403945355,,,,,,,,,,,,,,,,,,,,,,,,,,,,0.2445731422332221,,,,,,,,,,,,,0.014080110197700581,,,0.0026721222429282755,0.0026132045013098084,0.0025982898513864042,,,0.2445731422332221,0.06786372079449868,0.05689031770360527,0.05218842480150639,0.013017319797695775,0.012758241603471067,,,,,,,,,,,,,,,,,,,,,,,,,,
878,0.28572685451229396,,,,,,,,,,,,,,,,,,,,,,,,,,,,0.2441927351725208,,,,,,,,,,,,,0.013940262270367156,,,0.0026433613965925018,0.0025853359405780822,0.002570679485986565,,,0.2441927351725208,0.06742031990701629,0.05801480536033126,0.053230518629431324,0.012868913835408946,0.012613478316952252,,,,,,,,,,,,,,,,,,,,,,,,,,
879,0.3060124678231308,,,,,,,,,,,,,,,,,,,,,,,,,,,,0.26152957040797903,,,,,,,,,,,,,0.011066422367978628,,,0.0016530109705712843,0.0016166093514180047,0.0016001756986674884,,,0.26152957040797903,0.04994993434513056,0.04423678932536593,0.040570444467888864,0.010223228819155732,0.01001177601473476,,,,,,,,,,,,,,,,,,,,,,,,,,
880,0.3074440230660311,,,,,,,,,,,,,,,,,,,,,,,,,,,,0.2627530304531016,,,,,,,,,,,,,0.010984941233345058,,,0.001652049996092553,0.001615808645213379,0.0015991505640186856,,,0.2627530304531016,0.04857596499129131,0.04301997105238612,0.039454476086722194,0.010177287464011463,0.009970265994684988,,,,,,,,,,,,,,,,,,,,,,,,,,
881,0.2808723556501064,,,,,,,0.017527548676213384,,,,,,,,,,,,,,,,,,,,,0.24004390094035563,,,,,,,,,,,,,,,,,,,,,0.24004390094035563,0.033746640293417354,0.029454827811655055,,,,0.039621242842700875,0.02985233287734335,0.028733077494440748,0.02783589026071267,0.016181559256178948,0.016086722956520024,,,,,,,,,,,,,,,,,,,,
882,0.25024120787741216,,,,,,,0.024696321135054336,,,,,,,,,,,,,,,,,,,,,0.21386538940753075,,,,,,,,,,,,0.03333240508658121,,,,,,,,,0.21386538940753072,0.04604901209855036,,,,,0.0542757450911144,0.038773860536350714,0.036987604909018354,0.04244704551559879,0.0227998216544015,0.02266619728085659,,,,,,,,,,,,,,,,,,,,
883,0.24843706568116328,,,,,,,,,,0.0680787937227292,0.0680787937227292,0.0680787937227292,,,,,0.022438012481804152,,,,,,,,,,,0.21232350277494888,0.019493619349210577,,0.01948687921660771,0.020993808556048765,0.020868260771287183,,,,,,,,,,,,,,0.019398967225793016,,0.21232350277494888,,,,,,,,,,,,,,,,,,,,,,,,,,,,,,,
884,0.2529690062637397,,,,,,,,,,0.06497365599808003,0.06497365599808003,0.06497365599808003,,,,,0.022101969101346184,,,,,,,,,,,0.2161966667741384,0.018828091993011775,,0.019101552648988097,0.020454905489422703,0.020332781810804133,,,,,,,,,,,,,,0.01889739115017056,,0.2161966667741384,,,,,,,,,,,,,,,,,,,,,,,,,,,,,,,
885,0.12127279252106858,,,,,,,,,,,,,,,,,,,,,,,,,,,,,,,,,,0.11330139831443778,,,,0.1163113247646635,0.13256261976672637,0.13256261976672637,,,,,,,,,,,,,,,,,,,,,0.06632351656212902,0.06632351656212901,0.06632351656212901,0.0495857924927813,0.04596750821806844,0.0458504927329524,0.014597469693639056,0.014544632539311974,0.014472799503237082,,,,,,,,,,,
886,0.12093314227561208,,,,,,,,,,,,,,,,,,,,,,,,,,,,,,,,,,0.11298407365366216,,,,0.11598557016476986,0.1321913499591617,0.1321913499591617,,,,,,,,,,,,,,,,,,,,,0.06649049818796479,0.06649049818796479,0.06649049818796479,0.049682224519338944,0.046241502245644835,0.04606402264490262,0.014807126273894156,0.014751402672439864,,0.01469674106751764,,,,,,,,,,
887,0.12315458561488105,,,,,,,,,,,,,,,,,,,,,,,,,,,,,,,,,,0.11505949907582963,,,,0.1181161306335174,0.1346195974052299,0.1346195974052299,,,,,,,,,,,,,,,,,,,,,0.0624644577055348,,0.0624644577055348,0.0503800064114129,0.04689095953628503,0.04671098725223791,0.015100389258977588,0.015044047991211921,0.014968090120823209,,0.06040719388329386,,,,,,,,,
888,0.135840826938733,,,,,,,,,,,,,,,,,0.027721265071237285,,,,,,,,,,,,0.023351534347563457,,0.023472939361624905,,0.025423546064913184,0.12691185978647393,,,,0.1302833571316216,0.1484868577356173,0.14848685773561732,,,,,,,,,,,,,,,,,,,,,,,,0.05662008522934855,0.05276394786173685,0.052393135356995454,,,,,,0.025307530396326144,0.022936256982191046,,,,,,,
889,0.13685892524234317,,,,,,,,,,,,,,,,,0.026514792265755514,,,,,,,,,,,,0.02211983999703887,,0.022219419783141403,,0.024441488163288883,0.12786303736738558,,,,0.13125980337295792,0.14959973536876967,0.14959973536876967,,,,,,,,,,,,,,,,,,,,,,,,0.056772279049175846,0.053325717322348545,0.0529462207283027,,,,,,0.024714187093831837,0.021764818876890347,,,,,,,
890,0.12701124715472947,,,,,,,,,,,,,,,,,,,,,,,,,,,,,,,,,,0.11866265800543394,,,,0.1218150098589691,0.1388352928357368,0.1388352928357368,,,,,,,,,,,,,,,,,,,,,0.04850244105633675,,0.04850244105633677,0.05269871933568644,0.049499457439614536,0.049147190720127215,,,,,0.047191100372399486,,,0.020912732877106096,0.0198358058230791,0.018550610628707376,,,,
891,0.12576277787742718,,,,,,,,,,,,,,,,,,,,,,,,,,,,,,,,,,0.11749625198863187,,,,0.12061761749624454,0.13747059796348252,0.13747059796348254,,,,,,,,,,,,,,,,,,,,,0.05257135032228231,,0.05257135032228231,0.05119890960247187,0.04801129926259777,0.04782345517691564,,,,,0.05085366796865033,,,0.02051571899420567,0.019460999881290547,0.01817540518003485,,,,
892,0.1451711067428763,,,,,,,,,,,,,,,,,0.029020007422568155,,,,,,,,0.003704422736779745,,,,,,,,,0.13562885002392344,0.028052946605988394,0.003709647042958061,,0.13923191996987205,0.15868573506235933,0.15868573506235933,,,,,,,,,,,,,,,,,,,,,,,,0.05804008365839184,0.05442654633439155,0.05421360261093386,,,,,,0.02772616370411174,,,,,0.0037032330224862397,,,
893,0.13887245044708316,,,,,,,,,,,,,,,,,0.0195764554356263,,,,,,,,,,,,0.025284248825964042,,0.025232685245109663,,,0.1297442113429809,0.01897575863534014,,,0.13319095197720615,0.15180070865022763,0.15180070865022766,,,,,,,,,,,,,,,,,,,,,,,,0.0561638412244064,0.05268133107452546,0.052466179359625845,,,,,,0.018701538615112923,0.025508930516563808,,,,,,,
894,0.1386444578804796,,,,,,,,,,,,,,,,,0.018656236907410414,,,,,,,,,,,,0.02510800781919146,,0.025071312856739924,,,0.1295312049788618,0.018047700004075084,,,0.13297228695839292,0.15155149123477926,0.15155149123477926,,,,,,,,,,,,,,,,,,,,,,,,0.057592609048292706,0.05409624629135571,0.053711266168272945,,,,,,0.018183898657472664,0.02528178995989607,,,,,,,
895,0.1384545482860895,,,,,,,,,,,,,,,,,0.01894319932636166,,,,,,,,,,,,0.0251498756850985,,0.02509704262221883,,,0.1293537783512529,0.01832569564791341,,,0.1327901468752807,0.15134390210594137,0.15134390210594137,,,,,,,,,,,,,,,,,,,,,,,,0.05752611621049996,0.05403379013614263,0.053649254487121725,,,,,,0.01846499000844103,0.02552375815169623,,,,,,,
896,0.11957653509734961,,,,,,,,,,,,,,,,,,,,,,,,,,,,,0.023177232401222613,,0.02293833769574656,,,0.1325278680776187,,,,,0.15228814718894843,0.15228814718894843,,,,,,,,,0.11957653509734961,,,,,,,,,,,,,,,0.053719551873154886,0.050375008008181545,0.05017791591807229,,,,,,,0.023276215809068256,,,,,0.03385558107937566,0.03385558107937566,0.03236734348558779
897,0.12000840804563753,,,,,,,,,,,,,,,,,,,,,,,,,,,,,0.022725157795410785,,0.02318976084035124,,,0.1330065171793877,,,,,0.1528381642224931,0.1528381642224931,,,,,,,,,0.12000840804563753,,,,,,,,,,,,,,,0.05247584318804217,0.04908627846563806,0.05020366915434347,,,,,,,0.023479617209394957,,,,,0.0338864487842586,0.0338864487842586,0.03236711406265312
898,0.11971802844317221,,,,,,,,,,,,,,,,,,,,,,,,,,,,,0.022940109050936013,,0.02357515413762009,,,0.13268468656590968,,,,,0.15246834775637033,0.15246834775637033,,,,,,,,,0.11971802844317221,,,,,,,,,,,,,,,0.05234886946401629,0.048967506337422424,0.05008219332003533,,,,,,,0.02351324529424555,,,,,0.03435189565140724,0.03435189565140724,0.032811692127915085
899,0.11934968719671864,,,,,,,,,,,,,,,,,,,,,,,,,,,,,0.023201267736677897,,0.023721345312805512,,,0.1322764502837846,,,,,0.15199924229257664,0.15199924229257666,,,,,,,,,0.11934968719671861,,,,,,,,,,,,,,,0.0520559427918609,0.04880706521110523,0.04987907654521162,,,,,,,0.023978955990508262,,,,,0.03499340033448239,0.03499340033448239,0.033395236480490795
900,0.1193990633550625,,,,,,,,,,,,,,,,,,,,,,,,,,,,,0.02177430125662552,,0.02111283205681879,,,0.13233117437320435,,,,,0.1520621258981551,0.1520621258981551,,,,,,,,,0.1193990633550625,,,,,,,,,,,,,,,0.05309002852087763,0.04977661233489461,0.05086991905935395,,,,,,,0.022573900833849345,,,,,0.035726778987947454,0.035726778987947454,0.03409529508204577
