threshold,IDH2,IDH1,GDH2,IDP1,GDH3,RIP1,CYT1,QCR2,MRPS9,MRPS5,MRPS28,RPS8A,RPS8B,RPS13,GDH1,MRPS16,RPS20,MRP17,RSM10,RPS3,RPS5,RPL5,NOP7,YTM1,PWP2,SDH2,SDH1,SDH3,AAT2,AAT1,SDH4,YJL045W,PGI1,NQM1,TAL1,TKL2,TKL1,TPI1,RPF2,ASC1,MDH1,MDH3,QCR9,LSC1,ATP7,ATP15,ATP2,PDA1,PDB1,KGD2,LPD1,PDX1,CIT3,YND1,AMD1,APT1,RPO21,RPO26,RPB3,ATP3,ATP16,HSP82,HSC82,AHA1,SOL4,TFS1,PGM2,ACS1,LYS20,MLS1,ACO1,FUM1,CIT1,TOM40,TOM22,TOM70,CDC48,NPL4,UFD1,RPN10,RPT1,RPT2,ACS2,LAT1,ATP18,QCR8,ATP6,CIT2,ATP4,RPT5,TIM8,RPS15
800,0.1625938334914209,0.1625938334914209,0.157529982026452,0.15230496946316932,0.15178277400050677,0.04822793000327898,0.048118472297665985,0.0472139323141118,0.01614355526054749,0.0161299543835179,0.01609519700016634,0.007093471047723814,0.007093471047723814,0.007078624172294059,,,,,,,,,,,,,,,,,,,,,,,,,,,,,,,,,,,,,,,,,,,,,,,,,,,,,,,,,,,,,,,,,,,,,,,,,,,,,,
801,0.16190566014245547,0.16190566014245547,0.15983199144233956,,0.15401315024674675,0.047511668000632126,0.04718995577068386,0.04651120233302266,0.01571269954085904,,0.01565900071370211,0.00670015422060325,0.00670015422060325,0.006685115340270868,0.15401315024674675,0.01566043763887886,,,,,,,,,,,,,,,,,,,,,,,,,,,,,,,,,,,,,,,,,,,,,,,,,,,,,,,,,,,,,,,,,,,,,,,,,,,,
802,0.16202258782119872,0.16202258782119872,0.1599474215250916,,0.15412437798355622,0.0474772542428303,0.04715427908724041,0.04647404004591742,0.015602041482698704,,0.015548732796850246,0.006655706105482792,0.006655706105482792,0.006640750326148893,0.15412437798355622,0.015550136672746951,,,,,,,,,,,,,,,,,,,,,,,,,,,,,,,,,,,,,,,,,,,,,,,,,,,,,,,,,,,,,,,,,,,,,,,,,,,,
803,0.16437614957185678,0.1571943747878629,0.15549448394695464,0.15379873332796487,0.1495007067912898,0.0494085491526997,0.049579463687785694,0.048582889408425985,0.016832749308735774,,0.016775061304856967,0.007226396963834447,0.007234969628191123,0.007218802454750345,,0.016776669664790796,,,,,,,,,,,,,,,,,,,,,,,,,,,,,,,,,,,,,,,,,,,,,,,,,,,,,,,,,,,,,,,,,,,,,,,,,,,,
804,0.16308771005545503,0.15534217987312426,0.160999370393816,,0.1550859414232658,0.04735171393049938,0.047201350083828995,0.04655293775122605,0.016181710456278427,,0.01612617427176242,0.006947629418398019,0.006955587464544199,0.006954031539868596,0.1550859414232658,0.016127721914667072,,,,,,,,,,,,,,,,,,,,,,,,,,,,,,,,,,,,,,,,,,,,,,,,,,,,,,,,,,,,,,,,,,,,,,,,,,,,
805,0.15939198684632583,0.15939198684632583,0.15699783430960448,0.15531106064121816,,0.048596247941079286,0.048684058037884156,0.04805473228644518,0.016975867404404522,,0.016917603525620308,0.0072879787022905144,0.007295727016876149,,0.15089155073162025,0.016919229093015964,0.007284136617289358,,,,,,,,,,,,,,,,,,,,,,,,,,,,,,,,,,,,,,,,,,,,,,,,,,,,,,,,,,,,,,,,,,,,,,,,,,,
806,0.16147510292381329,,0.1618573190727942,0.15979684915369916,0.15541060716703456,0.04591957934624867,0.04597696428901242,0.0453903321237841,0.01608068535191424,,0.016025536215040756,0.006879002457625852,0.006879002457625853,,0.15541060716703456,0.01602383323801675,0.006874579036355695,,,,,,,,,,,,,,,,,,,,,,,,,,,,,,,,,,,,,,,,,,,,,,,,,,,,,,,,,,,,,,,,,,,,,,,,,,,
807,0.1601573606687315,0.1601573606687315,0.15767874183515537,,0.15152348448975,0.0482139897140299,0.04871483331147971,0.04780626571331247,0.017341760521900576,,0.017282152582418105,0.0074416969296243005,0.007441696929624298,,0.15152348448975,0.017280263998565613,0.007436908146926639,,,,,,,,,,,,,,,,,,,,,,,,,,,,,,,,,,,,,,,,,,,,,,,,,,,,,,,,,,,,,,,,,,,,,,,,,,,
808,0.16079808061262582,0.16079808061262582,0.15771706125214272,,0.1515151310927047,0.04849763076733355,0.04874577810443775,0.04808663605253747,,,0.016880986506376663,0.00724448410219497,0.007244484102194968,0.007228120317755392,0.1515151310927047,0.016879144267428123,,0.016849251116937327,,,,,,,,,,,,,,,,,,,,,,,,,,,,,,,,,,,,,,,,,,,,,,,,,,,,,,,,,,,,,,,,,,,,,,,,,,
809,0.16081584572373078,0.16081584572373078,0.1559434208177404,,0.15001454073793785,0.04995653718724283,0.0502288567558123,0.0495419120134139,,,0.017016747047412354,0.0072239324895085185,0.0072239324895085185,0.007207613330410292,0.15001454073793785,0.017011506954990523,,,0.016984767990623182,,,,,,,,,,,,,,,,,,,,,,,,,,,,,,,,,,,,,,,,,,,,,,,,,,,,,,,,,,,,,,,,,,,,,,,,,
810,0.1662815524034633,0.1662815524034633,0.16124352661880756,,0.15511313953383601,0.05185273837293367,0.052128976733253465,0.051419575027507484,,,,,,,0.15511313953383601,,,,,0.007873630047597871,0.007870123579883499,0.007833430448005326,0.005700449211219796,0.005675316898407719,0.005612849187785053,,,,,,,,,,,,,,,,,,,,,,,,,,,,,,,,,,,,,,,,,,,,,,,,,,,,,,,,,,,,,,,,,,,
811,0.16048990065428967,0.16728473606749913,0.1622820173249526,,0.1560619112572996,0.05235601861905886,0.05263983520101476,0.05192424087868425,,,,,,,0.1560619112572996,,,,,0.00788582508499572,0.007873773678422992,0.007849662045812425,0.005792211111259613,0.005781014846465686,0.00571694197294513,,,,,,,,,,,,,,,,,,,,,,,,,,,,,,,,,,,,,,,,,,,,,,,,,,,,,,,,,,,,,,,,,,,
812,,0.10453705508771102,0.10475637886139952,,0.10074668095034536,0.03363518288864759,0.03396536727639103,0.03351551917646087,,,,,,,,,,,,0.004812957568941649,0.004791173020862874,0.00479061228773522,,,,0.1287974696762866,0.12359701209166446,0.1194465354397901,0.10130402783688186,0.10130402783688186,,,,,,,,,,,,,,,,,,,,,,,,,,,,,,,,,,,,,,,,,,,,,,,,,,,,,,,,,,,,,,
813,,0.10428159783295415,0.10453332826417096,,,0.03368758989791967,0.03402045190996152,0.03356802845892179,,,,,,,0.10084688030538748,,,,,0.004752519476760321,0.004726033462446326,0.004730463899428853,,,,0.12886881643330897,0.12366547807948668,0.11951270229044794,0.10140305484440268,0.10140305484440265,,,,,,,,,,,,,,,,,,,,,,,,,,,,,,,,,,,,,,,,,,,,,,,,,,,,,,,,,,,,,,
814,,0.10718125257131812,0.10743998262042373,,,0.032495680051071854,0.03283706904148643,0.032782661793101596,,,,,,,0.10365102926746188,,,,,0.00470920373495144,0.004688765930457329,0.0046775169688117605,,,,0.12427800839815176,0.12092473520935264,,0.10422266879906374,0.10422266879906371,0.11588875681528399,,,,,,,,,,,,,,,,,,,,,,,,,,,,,,,,,,,,,,,,,,,,,,,,,,,,,,,,,,,,,
815,,0.10877394222023014,0.11448517019318845,,0.11069835706219637,0.03244086871746517,0.032800296892885286,0.0327460060108924,,,,,,,0.11069835706219637,,,,,0.004770076951737449,0.004749085943033103,0.004736081570460677,,,,0.11524345628481465,0.11283630730876794,,0.1059702977532336,,0.10905169602889844,,,,,,,,,,,,,,,,,,,,,,,,,,,,,,,,,,,,,,,,,,,,,,,,,,,,,,,,,,,,,
816,,,0.11545338974180619,,0.11160328687178549,0.032331917104450304,0.03269013815191661,0.032636029604102765,,,,,,,0.11160328687178549,,,,,0.004705524049984101,0.004687920740354332,0.00467594998398432,,,,0.11486796226782169,0.11246865642723487,,0.10678978088059322,0.10678978088059322,0.1086963764235875,,,,,,,,,,,,,,,,,,,,,,,,,,,,,,,,,,,,,,,,,,,,,,,,,,,,,,,,,,,,,
817,,,0.1141189022357885,,0.11030353100482856,0.03219309580422456,0.0331801815489056,0.033128478466645676,,,,,,,0.11030353100482856,,,,,0.004969807575736757,0.0049492465420991096,0.004937597178686804,,,,0.11719065191541199,0.1147428308689548,,0.10454393622130964,0.10454393622130964,0.11089427341126977,,,,,,,,,,,,,,,,,,,,,,,,,,,,,,,,,,,,,,,,,,,,,,,,,,,,,,,,,,,,,
818,,,0.10692169453963,,0.1031116876675077,0.031907531465165485,0.032881099403924946,0.032834616003245005,,,,,,,0.1031116876675077,,,,,0.004803730870853659,0.004785590582141776,0.004772700199866316,,,,0.12739162574527876,0.12414960204781614,0.11784649054094702,0.1027409716330577,0.10274097163305768,,,,,,,,,,,,,,,,,,,,,,,,,,,,,,,,,,,,,,,,,,,,,,,,,,,,,,,,,,,,,,
819,,,0.11268994878169614,,0.10896330257828626,0.032050491002740385,0.03302842094682999,0.03298172928041588,,,,,,,0.10896330257828626,,,,,0.004850946617132715,0.004832941498674784,0.004819914130311697,,,,0.11800512596189823,0.11569740703975628,0.11113164618599941,0.10599241169898596,0.10599241169898596,,,,,,,,,,,,,,,,,,,,,,,,,,,,,,,,,,,,,,,,,,,,,,,,,,,,,,,,,,,,,,
820,,,0.11197650381608698,,0.11197650381608695,0.031611820959805116,0.03258016503642808,0.03253608613374052,,,,,,,0.11197650381608695,,,,,0.004922304246997383,0.004904026176601153,0.004861294407042304,,,,0.11442174746219143,0.11228014488415382,0.10803240252482388,0.10896024835997768,0.10896024835997768,,,,,,,,,,,,,,,,,,,,,,,,,,,,,,,,,,,,,,,,,,,,,,,,,,,,,,,,,,,,,,
821,,,0.11748837946301299,,0.11748837946301299,0.028906493706740092,0.029862618988270993,0.02883288916456644,,,,,,,0.11748837946301299,,,,,0.005348509138797657,0.0053289895428624955,0.005286536232259372,,,,0.10938950549837931,0.10372445891140392,,0.11559092312559957,0.11559092312559957,0.09967301417648149,,,,,,,,,,,,,,,,,,,,,,,,,,,,,,,,,,,,,,,,,,,,,,,,,,,,,,,,,,,,,
822,,,0.11676108070002113,,0.11676108070002113,0.027982783942384206,0.029024511194607916,0.027911376144720283,,,,,,,0.11676108070002113,,,,,0.005184508756735982,0.005156161999200759,0.005128553296326977,,,,0.11391170817675196,0.10678424576713293,0.10165916380746134,0.11348687240730718,0.11348687240730718,,,,,,,,,,,,,,,,,,,,,,,,,,,,,,,,,,,,,,,,,,,,,,,,,,,,,,,,,,,,,,
823,,,0.11699028429416139,,0.11699028429416142,0.027882784084341937,0.02880777526385307,0.02781188604385442,,,,,,,0.11699028429416139,,,,,0.005405388648375784,0.005376316143876162,0.005347923619022671,,,,0.1134246055410765,0.10632762117257344,,0.11371019590479833,0.11371019590479833,,0.10122445479094529,,,,,,,,,,,,,,,,,,,,,,,,,,,,,,,,,,,,,,,,,,,,,,,,,,,,,,,,,,,,
824,,,0.10959479143619696,,0.10959479143619696,0.030405227396751614,0.03144532251379056,0.030712328475924675,,,,,,,0.10959479143619696,,,,,0.005806290794504176,0.00577499384001954,0.005744741909700299,,,,0.12298463617020972,0.11528948011211852,,0.10664820641243082,0.10664820641243081,0.10975619165352836,,,,,,,,,,,,,,,,,,,,,,,,,,,,,,,,,,,,,,,,,,,,,,,,,,,,,,,,,,,,,
825,,,0.10954656922858448,,0.10954656922858448,0.030674347334832396,0.031608637575762,0.030979840038760142,,,,,,,0.10954656922858448,,,,,0.005992602105998244,0.0059700018079651826,0.00593922327856616,,,,0.12286426318372098,0.11517663887061076,,0.10625298596006165,0.10625298596006165,0.1096487661979074,,,,,,,,,,,,,,,,,,,,,,,,,,,,,,,,,,,,,,,,,,,,,,,,,,,,,,,,,,,,,
826,,,0.10858080933743874,,0.10858080933743874,0.030047453844481178,0.03095115585489139,0.03033526056889903,0.010688193167187755,,,,,,0.10858080933743874,0.010595765455501848,,0.010633560222276387,,,,,,,,0.12026287693175097,0.1127380215123795,0.10732718964227225,0.10533904739402175,0.10533904739402175,,,,,,,,,,,,,,,,,,,,,,,,,,,,,,,,,,,,,,,,,,,,,,,,,,,,,,,,,,,,,,
827,,,0.15702843433614078,,0.15702843433614078,0.045116372114213044,0.04607625956332712,0.04526556110166956,0.016853086691637924,,,0.007239185165040227,0.007253057088582529,0.007234557475184781,0.15702843433614078,0.016710439697396228,,0.016766610117465733,,,,,,,,,,,0.16019978398853024,0.16019978398853024,,,,,,,,,,,,,,,,,,,,,,,,,,,,,,,,,,,,,,,,,,,,,,,,,,,,,,,,,,,,,,
828,,,0.15565729568402295,,0.15565729568402295,0.045081724224121655,0.04636420310095414,0.04478400898578718,0.017509838049591855,,,0.007532294892494637,0.007529713497172742,0.007510083028394045,0.15565729568402295,0.01736857957339785,,0.01741919278034459,,,,,,,,,,,0.16096423740783622,0.16096423740783622,,,,,,,,,,,,,,,,,,,,,,,,,,,,,,,,,,,,,,,,,,,,,,,,,,,,,,,,,,,,,,
829,0.15528147508741752,0.15528147508741752,,,0.14927250379313783,0.047289857494129665,0.048639888112229884,0.04698008965730433,0.018807524071352978,,,0.008102204340879306,0.008099773258857492,0.008077932080591934,,0.018655631547852103,,0.018710014335447413,,,,,,,,,,,0.1547111783463937,0.16209045278698822,,,,,,,,,,,,,,,,,,,,,,,,,,,,,,,,,,,,,,,,,,,,,,,,,,,,,,,,,,,,,,
830,0.15531783475234567,0.15531783475234567,0.14930745643779714,,,0.04709033562061437,0.04848098610211222,0.04681951034026147,0.018817215907167777,,,0.00820511385740973,0.008202655372277955,0.008180531258932668,,0.018665196414308645,,0.018719517913650865,,,,,,,,,,,0.15474740447447594,0.16212840679629983,,,,,,,,,,,,,,,,,,,,,,,,,,,,,,,,,,,,,,,,,,,,,,,,,,,,,,,,,,,,,,
831,0.1546399612212604,0.1546399612212604,,,,,,,,,,0.007959666114641767,0.007956600672148305,0.007934436693589855,0.14865581477105466,,,,,,,,0.006037829073893295,0.005953426862896466,0.005891554751369884,,,,0.1540720205453563,0.16142080901282904,,,0.06269816251270714,0.061121449715010163,0.0610183068319824,,,,,,,,,,,,,,,,,,,,,,,,,,,,,,,,,,,,,,,,,,,,,,,,,,,,,,,,,
832,0.1482444617916034,0.1482444617916034,,,0.14779091545497028,,,,,,,0.008617887352603396,0.008614564859643516,0.008590559997844293,,,,,,,,,0.006308603911021966,0.0062193153291129405,0.006153872843195246,,,,0.1525578756990134,0.159421558417083,,,0.06757446841449964,0.06589711081169149,0.06576434332611403,,,,,,,,,,,,,,,,,,,,,,,,,,,,,,,,,,,,,,,,,,,,,,,,,,,,,,,,,
833,0.14822932597193206,0.14822932597193206,,,,,,,,,,0.008211588224256605,0.008208042889718539,0.008185160219235578,0.14777582594256386,,,,,,,,0.006305598337226413,0.006210930910763829,0.006144667161815381,,,,0.15254229947803277,0.1594052814113132,,,0.06876928433755795,0.06609398755359414,,0.06568868159005761,,,,,,,,,,,,,,,,,,,,,,,,,,,,,,,,,,,,,,,,,,,,,,,,,,,,,,,,
834,,,0.1489581669516135,,0.1489581669516135,,,,,,,0.008284191828862595,0.008281740303091274,0.008258823116729125,0.1489581669516135,,,,,,,,0.006473187630683485,0.006385803517975378,0.006298710776413607,,,,0.15150577654409508,0.1577176238178599,,,0.06772610842687149,0.06622199571140966,0.06597153747116787,,,,,,,,,,,,,,,,,,,,,,,,,,,,,,,,,,,,,,,,,,,,,,,,,,,,,,,,,
835,,,0.14078850462356035,,0.14078850462356035,,,,,,,0.010667493960021552,0.010664570676490685,0.010634458664016681,0.14078850462356035,,,,,,,,0.006559835271678169,0.006471101606762424,0.006382554221126891,,,,0.1436832500699233,0.1436832500699233,,,0.08102785519647722,0.07901622954523309,0.07884388684766559,,,,,,,,,,,,,,,,,,,,,,,,,,,,,,,,,,,,,,,,,,,,,,,,,,,,,,,,,
836,,,0.14349790335561158,,0.14349790335561158,,,,,,,0.00980839404751696,0.009805902710152624,0.009777436963684332,0.14349790335561158,,,,,,,,0.005914695152252796,0.005834366298498171,0.0057532942970344005,,,,0.14730938551265765,0.14730938551265763,,,0.07812610608218849,0.07515661679493153,,0.07471070656159078,,,,,,,,,,,,,,,,,,,,,,,,,,,,,,,,,,,,,,,,,,,,,,,,,,,,,,,,
837,,,0.14480182524377389,,0.1448018252437739,,,,,,,0.009837842137399641,0.009835140004267023,0.009806482320893142,0.1448018252437739,,,,,,,,0.006088845804521001,0.006018756115011085,0.005935397392532337,,,,0.14893310221712516,0.14893310221712516,,,0.0750387806070251,0.07257976339350299,,,0.07258731205927572,,,,,,,,,,,,,,,,,,,,,,,,,,,,,,,,,,,,,,,,,,,,,,,,,,,,,,,
838,,,0.14448787485949155,,0.14448787485949155,,,,,,,0.00981892492142514,0.009815787852153519,0.00978717205502831,0.14448787485949155,,,,,,,,0.005920874479413998,0.005847843985913576,0.0057663714225754635,,,,0.1486101946529787,0.1486101946529787,,,0.07655628953365988,0.07299767154069034,,,,0.07280505032470774,,,,,,,,,,,,,,,,,,,,,,,,,,,,,,,,,,,,,,,,,,,,,,,,,,,,,,
839,,,0.14394167280622014,,0.14394167280622014,,,,,,,0.009898970812197304,0.009895807085867916,0.00986678893235715,0.14394167280622014,,,,,,,,0.0060927032021354756,0.00604890781094219,,,,,0.14783354526669698,0.14783354526669698,,,0.07737773804833263,0.07378093610623991,,,,0.0735862480657975,0.00595979098407552,,,,,,,,,,,,,,,,,,,,,,,,,,,,,,,,,,,,,,,,,,,,,,,,,,,,,
840,,,0.1421286597674865,,0.14212865976748654,,,,,,,0.010436299137803506,0.01043247589337037,0.010401869325013142,0.1421286597674865,,,,,,,,0.006503698277832042,0.006457667936938975,,,,,0.1456490130178437,0.1456490130178437,,,0.07982066772047733,0.07614230398954196,,,,0.07575961599535935,0.006361396385516327,,,,,,,,,,,,,,,,,,,,,,,,,,,,,,,,,,,,,,,,,,,,,,,,,,,,,
841,,,0.1428321343840738,,0.1428321343840738,,,,,,,0.009844639524031567,0.00986045881934025,,0.1428321343840738,,,,,,,,0.006364056718770887,0.006318866227051256,,,,,0.14612760566165142,0.14612760566165142,,,0.07950173315188862,0.07583806683433174,,,,0.07545690792320262,0.0062381811402025325,0.009825475185656312,,,,,,,,,,,,,,,,,,,,,,,,,,,,,,,,,,,,,,,,,,,,,,,,,,,,
842,,,0.14155746401811908,,0.14155746401811908,,,,,,,,,,0.14155746401811908,,,,,0.009444031066036435,0.00940123959937561,0.009389979453387839,0.007381442125079169,0.007352716652608985,,,,,0.14446645626527868,0.14446645626527868,,,0.08124916110033889,0.077700669319539,,,0.07726416962012961,,0.0072112864785897944,,,,,,,,,,,,,,,,,,,,,,,,,,,,,,,,,,,,,,,,,,,,,,,,,,,,,
843,,,,,0.13683213077787074,,,,,,,,,,,,,,,0.00997760337763463,0.009932774392577405,0.009919420444696132,0.007721434059618694,0.007661361697230477,,,,,0.1399866719169411,0.14541307529992462,,,0.08576891661669682,0.08269840544628591,,0.08218389863195338,,,0.007542516546816175,,0.13718089539587697,0.13718089539587697,,,,,,,,,,,,,,,,,,,,,,,,,,,,,,,,,,,,,,,,,,,,,,,,,,
844,,,0.14499041573190813,,0.14499041573190813,,,,,,,0.009164221287948887,0.009177178923791803,,0.14499041573190813,,,,,,,,0.006989340024926656,0.0069419296236921816,,,,,0.1489942311336023,0.1489942311336023,,,0.07484962096043402,0.07220224520294341,,0.07175105899255722,,,0.006818901089807633,0.009145794430969106,,,,,,,,,,,,,,,,,,,,,,,,,,,,,,,,,,,,,,,,,,,,,,,,,,,,
845,0.14310483299257462,0.14310483299257462,0.13939901143344974,,,,,,,,,0.00980931517133756,0.00980931517133756,,,,,,,,,,0.007463798408720785,0.007422233268302128,,,,,0.14356943878494213,0.15028652263423675,,,0.07759344874574882,0.07593329003106988,,0.07542344190593932,,,0.007290964267812747,0.009789554191953457,,,,,,,,,,,,,,,,,,,,,,,,,,,,,,,,,,,,,,,,,,,,,,,,,,,,
846,0.14321372759866238,,0.13885343087357857,,,,,,,,,0.010036444007153186,0.010036444007153186,,,,,,,,,,0.007756918244654931,0.007712270207502042,,,,,0.14312396746891282,0.14984111121855614,,,0.07895290486861718,0.0772636597688621,,0.07674487898038629,,,0.007562708201876918,0.010016624071358856,,0.13888491048272542,,,,,,,,,,,,,,,,,,,,,,,,,,,,,,,,,,,,,,,,,,,,,,,,,,
847,,,0.14801297130170926,,0.14801297130170926,,,,,,,0.009301456173146103,0.009301456173146101,,0.14801297130170926,,,,,,,,0.007167662399433927,0.007107351632668506,,,,,,0.1518613081030271,,,0.07330970123543336,0.07174119588680132,,0.07125949524927401,,,0.006986884750988365,0.009282260014106716,,0.1386423144768467,,,,,,,,,,,,,,,,,,,,,,,,,,,,,,,,,,,,,,,,,,,,,,,,,,
848,,,0.15434889625472292,,0.15434889625472292,,,,,,,0.00943702021815334,0.00943702021815334,,0.15434889625472292,,,,,,,,0.007131697387452203,0.007071608389059146,,,,,,0.15836196708544792,,,0.06254939809715046,0.061211115935093645,,0.060800118694174836,,,0.006958321898790512,0.009417929391162913,,0.1445771139211929,,,,,,,,,,,,,,,,,,,,,,,,,,,,,,,,,,,,,,,,,,,,,,,,,,
849,,,,,,,0.03568154498777102,0.034966021699309,,,0.014497395398809208,0.006310460512219021,0.006310460512219021,,,0.014547681517781628,,0.014466649277169065,,,,,,,,0.16759083046391918,0.16785703477451602,0.16085801395614027,,,0.16785703477451602,0.16785703477451602,,,,,,,,0.006297681497251952,,,0.034902155853862506,,,,,,,,,,,,,,,,,,,,,,,,,,,,,,,,,,,,,,,,,,,,,,,,,
850,,,,,,,0.03966199809912809,0.038866654643103724,,,0.016473377904920986,0.007179073740429174,0.007179073740429174,,,0.01653412417523882,,0.016438370489963914,,,,,,,,0.160850528974127,0.1672389536098754,0.15988068411517878,,,0.16186848022878816,0.16186848022878816,,,,,,,,0.0071645358038253115,,,0.03879566424620342,,,,,,,,,,,,,,,,,,,,,,,,,,,,,,,,,,,,,,,,,,,,,,,,,
851,,,,,,0.029613401402025646,0.03037850038388123,0.02978356910689064,,,0.012070161479299773,0.00522856725681172,0.005228567256811718,,,0.012114670704804908,,0.012044511296687346,,,,,,,,0.17651684567710832,0.17360236538461352,0.16729913919338749,,,0.17360236538461352,,,,,,,,,0.005218196279676676,,,,0.16729913919338749,,,,,,,,,,,,,,,,,,,,,,,,,,,,,,,,,,,,,,,,,,,,,,,,
852,,,,,,0.033760725118220446,0.03463381774767296,0.03395340495513368,,,0.014244344713776162,0.006202645458901318,0.006202645458901318,,,0.014296936970022586,,0.014214030036833091,,,,,,,,0.17198860443464875,0.16914889020660623,0.1630073626265817,,,0.16914889020660626,,,,,,,,,0.006190339439513776,,,,0.1630073626265817,,,,,,,,,,,,,,,,,,,,,,,,,,,,,,,,,,,,,,,,,,,,,,,,
853,,,,,,0.028485422881322733,0.028905794023846125,0.02832084203519608,,,,0.004948519775478641,0.004948519775478641,,,,,,,,,,,,,0.1680430590850943,0.1652684899944482,0.1592678535837089,,,0.1652684899944482,,,,,,,,,0.0049388966128232365,,,,0.1592678535837089,0.027488745319589274,0.027423756667428374,0.027423756667428374,,,,,,,,,,,,,,,,,,,,,,,,,,,,,,,,,,,,,,,,,,,,,
854,0.14081170400003434,,0.1474809190006714,,0.1474809190006714,,,,,,,0.009838795667948886,0.009838795667948886,,0.1474809190006714,,,,,,,,0.006833745309150503,0.006714938622000118,,,,,,0.15189901340699224,,,0.07177403690504733,0.07193846471322539,,0.07146761439025025,,,0.0066205279829414515,0.009819606332446353,,,,,,,,,,,,,,,,,,,,,,,,,,,,,,,,,,,,,,,,,,,,,,,,,,,,
855,,,,,,,,,,,,0.006452148131779491,0.0064521481317794905,,,,,,,,,,0.004595114971444503,0.004515143108629201,,,,,,,,,0.04750037834302224,0.04756999223566541,,0.047259822957039704,,,0.00445850693501563,0.006432330842227392,,,,,,,,0.19951987199047388,0.18203728926846416,0.15986160997447013,0.1473401064610917,0.136005536648897,,,,,,,,,,,,,,,,,,,,,,,,,,,,,,,,,,,,,,,,
856,,,,,,,,,,,,0.006570421346618721,0.006570421346618721,,,,,,,,,,0.004834738720344034,0.004753300151683052,,,,,,,,,0.04659921264798033,0.04746479725402696,,0.04715813889951288,,,0.004692818087199335,0.006550562957838545,,,,,,,,0.19952983250756826,0.18204637701252435,0.15986959065470513,0.1473474620374283,0.13601232637595126,,,,,,,,,,,,,,,,,,,,,,,,,,,,,,,,,,,,,,,,
857,,,0.14769111905119972,,0.14769111905119972,,,,,,,,,,0.14769111905119972,,,,,,,,0.008824567694537452,0.008675381811266909,,,,,,0.15211923915884848,,,,,,,,,0.008565761684818873,,,,,,,,,,,,,,0.14112937034693895,0.0733012119677706,0.0676974453145227,0.06510335918579004,0.010861774569912025,0.010330489338417164,0.010318041773577681,,,,,,,,,,,,,,,,,,,,,,,,,,,,,,,,,
858,,,0.16096321299820937,,0.16096321299820937,,,,,,,,,,0.16096321299820937,,,,,0.00863665735706092,0.008565687752420328,0.008570790900731491,0.006460556586306344,0.006365900920766402,,,,,,0.16578926106831726,,,,,,,,,0.006283595397982328,,,,,,,,0.05087537026345667,,,,,,0.15381180023141666,,,,,,,0.05087537026345667,0.05087537026345667,,,,,,,,,,,,,,,,,,,,,,,,,,,,,,,
859,,,0.14864657287330532,,0.14864657287330538,,,,,,,0.003459253694051379,0.003459253694051379,,0.14864657287330532,,,,,,,,0.009558112900175175,0.009416928058399955,,,,,,0.1537925446434627,,,,,,,,,0.009295015943809135,0.0034564146069826405,,,,,,,,,,,,,0.1396221099759421,0.0789326775205198,0.0729222082605432,0.07014576208214651,,,,,,,,,,,,,,,,,,,,,,,,,,,,,,,,,,,,
860,,,0.1479328872599963,,0.1479328872599963,,,,,,,,,,0.14793288725999626,,,,,,,,0.008854629460694244,0.008723322955004512,,,,,,0.15539205602924525,,,,,,,,,0.008595714965635904,,,,,,,,,,,,,,0.138571231482982,0.07369966599910818,0.06807751356830455,0.065484593278311,0.010033302741574723,0.009453430019585311,0.009315877719565612,,,,,,,,,,,,,,,,,,,,,,,,,,,,,,,,,
861,,,0.1552346875377377,,0.1552346875377377,,,,,,,0.008354161193630848,0.008354161193630848,,0.1552346875377377,,,,,,,,0.005848031030618174,0.005761061908944502,,,,,0.15668223438843654,0.15668223438843654,,,0.05952207414791823,0.059736371572149,,0.059341281224628076,,,0.00567173449256439,0.008342591845829854,,,,,,,,,,,,,,,,,,,,,,,,,,,,,,,,,,,,,,,,,,,,,,,,,,,,
862,,,0.12069477315926734,,0.12069477315926734,,,,,,,,,,0.12069477315926734,,,,,,,,,,,,,,0.12055737238636116,0.12055737238636116,,,0.043382447427437285,0.04309684536102738,,0.04282905085025848,,,,,,,,,,,,,,,,,,,,,,,,,,0.05508413013936859,0.05183519643021095,0.05049491710487438,0.03695233221504121,0.03666509077129092,0.036460925449966416,,,,,,,,,,,,,,,,,,,,,,,,,
863,,,0.11665885610853086,,0.11665885610853083,,,,,,,,,,0.11665885610853083,,,,,,,,,,,,,,0.10989952419696916,0.10989952419696918,,,0.03776725287358752,0.03752791994847289,,0.037293265889933536,,,,,,,,,,,,,,,,,,,,,,,,,,,,,0.033413549408919885,0.03293822521669785,0.03297172982136127,0.07619431453036918,0.07125615877419995,0.07086196681692711,,,,,,,,,,,,,,,,,,,,,,
864,,,0.15227966979982616,,0.15227966979982616,,,,,,,,,,0.15227966979982616,,,,,,,,0.0061146316079568296,0.006036677576356619,,,,,0.14345643197720903,0.14345643197720903,,,,,,,,,0.005934367970765886,,,,,,,,,,,,,,,0.04903911106725987,0.04434012141107147,0.043679096993924214,,,,,,,,,,,,0.035285489442099034,0.033001526461281475,0.03281710411538801,,,,,,,,,,,,,,,,,,,,,,
865,,0.16822973254925166,,,,,,,,,,,,,,,,,,,,,,,,,,,,,,,,,,,,,,,0.15767310517458488,,,,,,,,,,,,,,,,,,,,,,,,,,,,,,0.16298609823021803,0.15767310517458488,0.15767310517458488,0.03253122356401948,0.031802657525290906,0.029145291538632333,0.026168295717247166,0.02526592854921487,0.024485883643147244,0.008788524386407915,0.008788524386407915,0.008788524386407915,,,,,,,,,,
866,,0.16902626389787184,,,,,,,,,,,,,,,,,,,,,,,,,,,,,,,,,,,,,,,0.15841965317892814,,,,,,,,,,,,,,,,,,,,,,,,,,,,,,0.16375780210599783,0.15841965317892814,0.15841965317892814,0.03238543477889778,0.031662599997087586,0.02901784490121109,0.02531468700969949,0.02443685256064762,0.023675207975105396,0.00848811574556562,0.00848811574556562,0.00848811574556562,,,,,,,,,,
867,,0.1789517208157744,,,,0.012253913044144155,0.012516930044444373,0.012186891167449906,0.005416743383138292,,0.005431091160705793,,,,,,,0.005420078015820161,,,,,,,,,,,,,,,,,,,,,,,0.16772227518757987,,,,,,,,,,,,,,,,,,,,,,,,,,,,,,0.17337388763194642,0.16772227518757987,0.16772227518757987,0.0317020892986795,0.03103663645594617,0.028543193419211188,,,,,,,,,,,,,,,,
868,0.15191886343642796,0.15191886343642796,,,,,,,,,,,,,,,,,,,,,,,,,,,,,,,,,,,,,,,,,,,,,,,,,,,0.15314131363206554,,,,,,,,,,,,,,,,,,0.14982625852416193,,0.14431386348659833,0.04272228961345585,0.041774953174338755,0.038170324340976065,0.032358911428877264,0.0312368052311904,0.030263220621023122,0.01078477769148565,0.01078477769148565,0.010784777691485654,,,,,,,,,,
869,0.17232663225014158,0.17232663225014158,,,,0.028954262072552018,0.030091340075402644,0.02936460075727834,0.013549569062820224,,0.01358435657343569,0.005704432085329114,0.005704432085329114,,,,,0.013560718036547946,,,,,,,,,,,,,,,,,,,,,,0.005696885664295372,0.16547543418179425,,,,,,,,,,,,0.17327779190391118,,,,,,,,,,,,,,,,,,0.17038291300102099,,,,,,,,,,,,,,,,,,,,,
870,0.1720661774026025,0.1720661774026025,,,,0.02913622003587747,0.03031819289120428,0.02954926198675723,0.01380125327199663,,0.013831169113725793,0.005687566951455018,0.005687566951455018,,,,,0.013809680880807642,,,,,,,,,,,,,,,,,,,,,,0.005680103494979882,,,,0.16522533424994668,,,,,,,,,0.17301589947159846,,,,,,,,,,,,,,,,,,0.17012539589499093,,,,,,,,,,,,,,,,,,,,,
871,0.16821734178039593,0.1682173417803959,,,,,,,0.00796692447125195,,0.007987365732093299,0.003263018088790173,0.003263018088790173,,,,,0.007973450659071433,,,,,,,,,,,,,,,,,,,,,,0.0032586875411349334,0.16152951696759818,,,,,,,,,,,,0.16914582013848062,,,,,,,,,,,,,,,,,,0.16631997234315274,,,0.04637759194231813,0.04513204804543959,0.04134790242108706,,,,,,,,,,,,,,,,
872,0.1531318417722658,0.1531318417722658,,,,,,,,,,0.003966641213166663,0.003966641213166664,,,,,,,,,,,,,,,,,,,,0.031013084507788856,0.03045153478410785,,0.030365471179487208,,,,0.003961546353874791,0.14295370609898067,,,,,,,,,,,,,,,,,,,,,,,,,,,0.055166033644304946,,,0.14628026045139286,,0.14295370609898067,,,,,,,,,,0.05171696758492096,0.050940723325296394,,,,,,,,
873,0.16762967582024746,0.16762967582024746,,,,,,,0.007706796652490052,,0.0077261307735505425,0.0030434852294368552,0.003043485229436854,,,,,0.0077140096892683255,,,,,,,,,,,,,,,,,,,,,,0.0030396166903111587,,,,,,,,,,,,,0.1687638988198607,,,,,,,,,,,,,,,,,,0.16552034877985577,,0.1475054621055587,0.051960210618234096,0.05072626026172178,0.04799094350978029,,,,,,,,,,,,,,,,
874,0.15420280810255876,0.15420280810255882,,,,,,,,,,,,,,,,,,,,,0.0025775954969654,0.0025204363788572676,,,,,,,,,,,,,,,0.0025066061565964673,,0.13569051157465364,,,,,,,,,,,,0.15524618166215703,,,,,,,,,,,,,,,,,,0.15226243476923657,,,0.048672420753399726,0.04751654878470722,0.04495430959706237,0.03460113259774742,0.032511325441549145,0.03253488058195017,,,,,,,,,,,,,
875,0.1674700936111062,0.1674700936111062,,,,,,,,,,,,,,,,,,,,,0.0022863698545341404,0.0022356176879167076,,,,,,,,,,,,,,,0.002223176112353827,,0.14414953569376046,,,,,,,,,,,,,,,,,,,,,,,,,,,,,,0.15738885899554775,0.14414953569376046,,0.04289309780352743,0.04186836971082322,0.039597011434009684,0.030649901055622455,0.028798736722146886,0.02881960201378446,,,,,,,,,,,,,
876,0.16786157734702675,0.16786157734702675,,,,,,,,,,,,,,,,,,,,,0.002728402243986097,0.0026677724075615953,,,,,,,,,,,,,,,0.002652558908078985,,,,,,,,,,,,,,,,,,,,,,,,,,,,,,,,0.15775677649761188,0.14448650450740222,0.14448650450740222,0.042966077195103425,0.041939605604340874,0.03966438278163111,0.029351171958794605,0.027543698802158248,0.028033389891875243,,,,,,,,,,,,,
877,0.16616959044044205,0.16616959044044205,,,,,,,,,,,,,,,,,,,,,0.0031306786024096777,0.003061650131322553,,,,,,,,,,,,,,,0.0030441760148216296,,0.1430301302872356,,,,,,,,,,,,,,,,,,,,,,,,,,,,,,0.15616664250460677,,0.1430301302872356,0.042095036644694675,0.04103979672724525,0.03778073649075309,0.032929365217535755,0.03090154350808824,0.03145093270316713,,,,,,,,,,,,,
878,0.16536978378733336,0.16536978378733336,,,,,,,,,,,,,,,,,,,,,0.003267655265390866,0.003195925691403502,,,,,,,,,,,,,,,0.0031778077597882227,,0.1423416983696054,,,,,,,,,,,,,,,,,,,,,,,,,,,,,,0.1554149819911652,,0.1423416983696054,0.04237002281311575,0.04130746227573886,0.0380246617994991,0.03380603962856577,0.03172423147294598,0.03228824698850934,,,,,,,,,,,,,
879,0.16422704293174203,0.16422704293174203,,,,,,,,,,,,,,,,,,,,,0.0032124761254865787,0.00314173289719539,,,,,,,,,,,,,,,0.0031097955912395034,,0.14135808654853424,,,,,,,,,,,,,,,,,,,,,,,,,,,,,,0.1543410309619936,,0.14135808654853424,0.04157993669619726,0.04049218051215098,0.03729175635316437,0.03651634005720336,0.03426762901681767,0.03487686282799877,,,,,,,,,,,,,
880,0.1662105704959201,0.1662105704959201,,,,,,,,,,,,,,,,,,,,,0.0031258451881625367,0.0030572728976591503,,,,,,,,,,,,,,,0.0030257541282093076,,0.1430654037849837,,,,,,,,,,,,,,,,,,,,,,,,,,,,,,0.15620515567453572,,0.1430654037849837,0.04272459086364338,0.041655338405633166,0.038562666807892235,0.03217235905493319,0.030191154506811743,0.030727913910712005,,,,,,,,,,,,,
881,0.16611190145167207,0.16611190145167207,,,,,,,,,,,,,,,,,,,,,0.003129493054536163,0.0030605457006759986,,,,,,,,,,,,,,,0.0030260681577678594,,,,,,,,,,,,,,,,,,,,,,,,,,,,,,,,0.15611242623277377,0.14298047460981567,0.14298047460981567,0.04286210472275239,0.041789424413012484,0.03867552680396718,0.03219593977075088,0.0302132830996643,0.030750435921123538,,,,,,,,,,,,,
882,0.16361037176382986,0.16361037176382986,,,,,,,,,,0.0033446923388851238,0.0033446923388851238,,,,,,,,,,,,,,,,,,,,,,,,,,,0.0033379288643809613,0.14082728811991038,,,,,,,,,,,,,,,,,,,,,,,,,,,,,,0.15376148168605822,0.14082728811991038,,0.04023001515577342,0.03855193002499679,0.035978646855052636,0.03890579631094522,0.03651026000545824,0.03715923665208384,,,,,,,,,,,,,
883,0.15615574698006623,0.15615574698006623,,,,,,,,,,0.003726687214661802,0.003726687214661802,,,,,,,,,,,,,,,,,,,,,,,,,,,0.0037191439723927807,,,,,,,,,,,,,,,,,,,,,,,,,,,,,,,0.14870241786619914,0.13888325325727377,0.13888325325727377,0.04360912562983136,0.041790090140974775,0.039000664668359185,0.04343893530914973,0.04072458261629643,0.041483664892792885,,,,,,,,,,,,,
884,0.15758685528637328,0.15758685528637328,,,,,,,,,,0.0036820962064966533,0.0036820962064966537,,,,,,,,,,,,,,,,,,,,,,,,,,,0.003674962173639641,,,,,,,,,,,,,,,,,,,,,,,,,,,,,,,0.14968811989113479,0.13928846406531742,0.13928846406531742,0.042576143869677466,0.040800196391734274,0.038076844833532346,0.042893289566693776,0.040213032437643764,0.04096257971956916,,,,,,,,,,,,,
885,0.1682844338532758,0.16828443385327582,,,,0.02720965898624493,0.027444045800339142,0.02734470904446672,,,,0.0053622957479552815,0.0053622957479552815,,,,,,,,,,,,,,,,,,,,,,,,,,,0.005351895336472309,,,,0.15264690469773523,,,0.03283945386178779,,,,,,,,,,,,,,0.03283945386178779,,,,,,,,,,0.16154406064918084,0.15264690469773523,,,,,,,,,,,,,0.03283945386178779,,,,,,,
886,0.16898093112981008,0.16898093112981008,,,,,0.027845679445351837,0.027740887906809182,,,,0.005348674398439822,0.005348674398439822,,,,,,,,,,,,,,,,,,,,,,,,,,,0.005338287990572301,,,,0.15327868121418983,,0.03133593895136474,0.03133593895136474,,,,,,,,,,,,,,,,,,,,,,,,0.16221266080254107,,0.15327868121418983,,,,,,,,,,,,0.03133593895136474,0.02763809351575193,,,,,,
887,,0.16781609591657143,,,,0.02997841390181174,0.030243385470691293,0.030130543963779045,,,,0.005894565485539169,0.005894565485539169,,,,,,,,,,,,,,,,,,,,,,,,,,,0.005882993130032909,,,,0.15492927058171788,,,0.03234373073599878,,,,,,,,,,,,,,0.03234373073599878,,,,,,,,,,0.16228908110526238,0.15492927058171788,0.15492927058171788,,,,,,,,,,,,,,0.032395082323621725,,,,,
888,0.16022052710510884,0.17305109881778405,,,,0.027636197186986466,0.02788054264776861,0.027776407066716045,,,,0.005212662564273486,0.005225705171183376,,,,,,,,,,,,,,,,,,,,,,,,,,,0.005215405826850835,,,,0.1563612395293832,,,,,,,,,,,,,,,,,,,,,,,,,,,0.1684979535706975,,,,,,,,,,,,,,0.02883841153458514,,0.028884197914694067,0.1563612395293832,0.02883841153458514,,,
889,0.15079904382620885,0.16287513657770572,,,,,,,,,,0.005250882478972131,0.005252315617909412,,,,,,,,,,,,,,,,,,,,,,,,,,,0.005252934299175794,,,,0.1471666947958751,,,,,,,,,,,,,,,,,,,,,,,,,,,0.15858973094293288,,,0.053603114777334,0.05084275606080202,0.04754856845174961,,,,0.021968814488338977,,0.021758530030703584,,,,,,0.1471666947958751,,0.021924782856416872,,
890,0.15241632166734656,0.16359313589303712,,,,,,,,,,0.00532528070597213,0.005326728963623848,,,,,,,,,,,,,,,,,,,,,,,,,,,0.005327122446946393,,,,0.1473883625983208,,,,,,,,,,,,,,,,,,,,,,,,,,,0.15917013511127767,0.1473883625983208,,0.05324471229819345,0.05050280996076241,0.04723064803082852,,,,0.021109740965669272,,0.02090626547183524,,,,,,,,0.021070373287865953,,
891,0.15679003333428285,0.16887898243645721,,,,,,,,,,,0.005008624481080876,,,,,,,0.005001954831220204,,,,,,,,,,,,,,,,,,,,0.005009002573693624,,,,0.14868014949302993,,,,,,,,,,,,,,,,,,,,,,,,,,,0.16336113961423326,,0.14868014949302993,0.049117117489708456,0.04659199211621682,0.04351412260535264,,,,0.019864965603744282,,0.019673506399062814,,,,,,,,0.019828259528887088,,
892,0.15706155086045667,0.16917143472158513,,,,,,,,,,,,,,,0.004728165181797593,,,0.004729684169575214,,,,,,,,,,,,,,,,,,,,0.00473635439054737,,,,0.1489376229147967,,,,,,,,,,,,,,,,,,,,,,,,,,,0.1636440365022416,,0.1489376229147967,0.0499825842500129,0.04739059938274366,0.04429090183039492,,,,0.018868721830312758,,0.018686864456529704,,,,,,,,0.018833856594209226,,
893,0.17564259040969657,0.17564259040969657,,,,,,,,,,,,,,,,,,0.0041386100277498415,,,,,,,,,,,,,,,,,,,,0.0041446416520593355,,,,0.15932131775484706,,,,,,,,,,,,,,,,,,,,,,,,,,,0.16860749760409838,0.15932131775484706,,0.03530384258919822,0.03304905689036723,,,,,0.016591037413269463,,0.016430968312182714,,,,,,,,0.016560656853209756,0.031108592555994755,0.004137279772782985
894,0.17133598220272772,0.17133598220272772,,,,,,,,,,,,,,,0.004591496018641467,,,0.004592972683349012,,,,,,,,,,,,,,,,,,,,0.004599876690931466,,,,0.15837992032657786,,,,,,,,,,,,,,,,,,,,,,,,,,,0.16575743202633716,,0.15837992032657786,0.03802086123660974,0.03559265827543133,,,,,0.01805750900805235,,0.01789505283775404,,,,,,,,0.018024807857399783,0.033435528306882456,
895,0.16849908753072287,0.16849908753072287,,,,,,,,,,,,,,,,,,0.005653149745679607,,,,,,,,,,,,,,,,,,,,0.005661961324576417,,,,,,,,,,,,,,,,,,,,,,,,,,,,,,,0.16301290417109465,,0.15575754558456134,0.03745761456894557,0.035334452341246284,,,,,0.021799168423740852,0.02155639950289948,,,,,,,0.15575754558456134,,0.021625823363716636,0.03373393570129106,0.00565132462624098
896,0.1724614191428911,0.17246141914289106,,,,,,,,,,,,,,,0.005309391354109579,,,0.0053111063086406325,,,,,,,,,,,,,,,,,,,,0.005319395760190675,,,,0.15643575112178212,,,,,,,,,,,,,,,,,,,,,,,,,,,0.1655537432413608,,0.15643575112178212,0.035090733628402135,0.03310163318042849,,,,,0.020436054015116806,0.020208022960016357,,,,,,,,,0.020273473877251872,0.03160210514513637,
897,0.1674273527292332,0.16742735272923323,,,,,,,,,,,,,,,,,,0.005223196035538375,,,,,,,,,,,,,,,,,,,,0.005231356130308639,,,,0.15186946629975465,,,,,,,,,,,,,,,,,,,,,,,,,,,0.1607213085864183,0.15186946629975465,,0.04396560867786636,0.041834602476426536,0.03928161707407412,,,,0.020103808624601652,0.0198794848540335,,,,,,,,,0.019943871682989528,,0.005221507799767185
898,0.16789297078520268,0.16789297078520268,,,,,,,,,,,,,,,,,,0.005213920142253929,,,,,,,,,,,,,,,,,,,,0.0052222512030611025,,,,,,,,,,,,,,,,,,,,,,,,,,,,,,,0.16116827702996708,0.15229181763307575,0.15229181763307575,0.043177220700326396,0.041190064969013424,0.038601086846147215,,,,0.020076046281365223,0.019852536986545162,,,,,,,,,0.019916779372607298,,0.005212239632156159
899,0.16685710443545543,0.16685710443545543,,,,,,,,,,,,,,,0.0052347019054037125,,,0.005236390545390655,,,,,,,,,,,,,,,,,,,,0.005244761029988987,,,,0.15135220730579302,,,,,,,,,,,,,,,,,,,,,,,,,,,0.16017390070771068,,0.15135220730579302,0.04453416523350818,0.04236812460043846,0.03980080333976818,,,,0.020419549154767645,0.020306047466996085,,,,,,,,,0.020262932533530495,,
900,0.16625128672000222,0.16625128672000222,,,,,,,,,,,,,,,,,,0.00524685328275375,,,,,,,,,,,,,,,,,,,,0.005255486850188194,,,,0.15080268411486253,,,,,,,,,,,,,,,,,,,,,,,,,,,0.15959234808560158,,0.15080268411486253,0.0459849818342433,0.04358673646995758,0.03990407663426272,,,,0.0204487122936163,0.020335524026973476,,,,,,,,,0.020292179132444462,,0.005245159720229052
