threshold,MLS1,ACS1,DAL7,ACS2,LSC1,RIP1,CYT1,QCR2,MRPS9,MRPS5,MRPS28,RPS8B,RPS8A,RPS13,MRPS16,CIT1,CIT3,IDH2,KGD1,IDH1,RPS20,MRP17,RPS3,RPS5,RPL5,GDH2,SDH2,SDH1,SDH3,SDH4,CIT2,GDH1,LSC2,ACH1,YJL045W,AAT1,PGI1,NQM1,TAL1,AAT2,TKL2,GDH3,PGM2,SOL4,TKL1,TFS1,ACC1,TPI1,HFA1,ASC1,MDH3,GAD1,NOP7,YTM1,RPF2,LYS20,LYS21,HSP104,BTN2,HSP78,SIS1,HSP82,HSC82,AHA1,DCS2,TOM40,TOM22,TOM70,CDC48,UFD1,NPL4,ATP6,ATP15,ATP16,ATP2,ATP4,QCR8,ACO1,GPM1,MSC1,RPN10,RPT5,RPT2,RPS15
800,0.16590098375784662,0.16125919525138013,0.1575422360311732,0.15290044752470672,0.15119883961459196,0.04827082532832672,0.048161270267843594,0.04725592576009336,0.015653447777938877,0.015640259814390527,0.015606557641826281,0.006874800139895636,0.006874800139895636,0.006860410950090703,,,,,,,,,,,,,,,,,,,,,,,,,,,,,,,,,,,,,,,,,,,,,,,,,,,,,,,,,,,,,,,,,,,,,,
801,0.16353360753885793,0.1606798821556835,0.1558205086830674,0.15296678329989297,0.15816069023657472,0.04765103276860087,0.047328376868346636,0.046647632460481106,0.01573579148975265,,0.0156820137448662,0.006708428474815472,0.006708428474815472,0.0066933710224450675,0.015683452781799917,,,,,,,,,,,,,,,,,,,,,,,,,,,,,,,,,,,,,,,,,,,,,,,,,,,,,,,,,,,,,,,,,,,,,
802,0.16365291561926984,0.16079710826345006,0.15593418957141547,0.15307838221559567,0.1582760784349563,0.04761595763965064,0.047292038921677396,0.04660981258207472,0.015624335809902056,,0.015570950949324385,0.006663615571266969,0.006663615571266969,0.006648642018878935,0.015572356831270662,,,,,,,,,,,,,,,,,,,,,,,,,,,,,,,,,,,,,,,,,,,,,,,,,,,,,,,,,,,,,,,,,,,,,
803,0.16287577737143857,0.15795028640438408,0.15554781610604068,0.15062232513898619,,0.051933506278956855,0.052113155170358666,0.05106565230937356,0.017692964211833584,,0.017632328140484852,0.007604702972606825,0.007595692213824594,0.0075877095976181206,0.017634018693479313,0.1421440653906141,,,,,,,,,,,,,,,,,,,,,,,,,,,,,,,,,,,,,,,,,,,,,,,,,,,,,,,,,,,,,,,,,,,,
804,0.1635342213150251,0.15323032796670233,0.15658639243780356,0.14628249908948082,,0.05329483080327822,0.05312559477986859,0.052395800170795835,0.018212678048798586,,0.0181501715139436,0.007828583725699504,0.007819626864634078,0.007826832516810833,0.018151913401615677,0.1435605273655433,,,,,,,,,,,,,,,,,,,,,,,,,,,,,,,,,,,,,,,,,,,,,,,,,,,,,,,,,,,,,,,,,,,,
805,0.1200833704320371,0.11695376229772647,,0.11064142569340278,,0.03489900252654142,0.03496206263755997,0.03451011743767303,0.012191081915518525,,0.01214924018207108,,,,0.012150407570152502,0.10442964855214094,0.10366471896590841,0.1011217205964226,0.1011217205964226,0.1011217205964226,,,,,,,,,,,,,,,,,,,,,,,,,,,,,,,,,,,,,,,,,,,,,,,,,,,,,,,,,,,,,,,,
806,0.15819193277648616,0.1567844866935061,0.15061532974028674,0.14966516583303593,,0.053006346629497984,0.05307258778873234,0.05239542069929458,0.018562417032966374,,0.018498756731477297,0.007940638697594525,0.007940638697594524,,0.018496790934060994,0.14689395513561204,,,,,0.007935532609854341,,,,,,,,,,,,,,,,,,,,,,,,,,,,,,,,,,,,,,,,,,,,,,,,,,,,,,,,,,,,,,,
807,0.11991738463465461,0.1167840366925752,,0.11097200233011568,,0.03457150994332649,0.03493063640251368,0.034279154250952966,0.012434790190018516,,0.012392048726705851,,,,0.012390694530634907,0.10470644525985996,0.10175462170707043,0.10162222511052389,0.10162222511052389,0.10162222511052389,,,,,,,,,,,,,,,,,,,,,,,,,,,,,,,,,,,,,,,,,,,,,,,,,,,,,,,,,,,,,,,,
808,0.11962796383157914,0.11650217822985995,,0.11070417122179789,,0.03483203936236678,0.03501026410606913,0.03453685413667643,,,0.01212428683963159,,,,0.01212296370407723,0.10445373608373336,0.10150903676189486,0.10215833730684688,0.10215833730684688,0.10215833730684688,,0.012101493801773016,,,,,,,,,,,,,,,,,,,,,,,,,,,,,,,,,,,,,,,,,,,,,,,,,,,,,,,,,,,,,,
809,0.1210389444182475,0.11823903692164449,,0.11234947712993781,,0.03498409580584248,0.03517479865301806,0.034693737674125355,,,0.01191666881912071,,,,0.011912999231402299,0.10598530982511627,0.10298414452138413,0.09960883760514865,0.09960883760514865,0.09960883760514865,,0.011894274184714816,,,,,,,,,,,,,,,,,,,,,,,,,,,,,,,,,,,,,,,,,,,,,,,,,,,,,,,,,,,,,,
810,0.12377592361994014,0.12086454578728839,,0.11474063250936167,,0.035673951913371395,0.03586400000517711,0.03537594164737097,,,,,,,,0.10825114667883942,0.10521484031844265,0.10133941591757037,0.10133941591757037,0.10133941591757037,,,0.005416946308245497,0.005414533907964365,0.005389289551287223,,,,,,,,,,,,,,,,,,,,,,,,,,,,,,,,,,,,,,,,,,,,,,,,,,,,,,,,,,,
811,0.12424853294814109,0.12132603870220485,,0.11517874269801284,,0.036045166006385986,0.03624056313706546,0.03574790313689806,,,,,,,,0.1086644782881915,0.10561657850423355,,0.10124182863598533,0.10124182863598533,,,0.005422447445156263,0.005414160662470054,0.005397581032661061,0.09821415016660866,,,,,,,,,,,,,,,,,,,,,,,,,,,,,,,,,,,,,,,,,,,,,,,,,,,,,,,,,,
812,0.07989061489309215,0.08234505481433478,0.07646797408634222,0.07912736103231627,,0.02731448727709109,0.02758262368913231,0.027217310670236465,,,,,,,,0.0708608296456544,,,0.07567015049139816,0.07567015049139816,,,,,,0.07582891010967348,0.10461459011925957,0.1003905650664754,0.09701937761359543,,,,,,,,,,,,,,,,,,,,,,,,,,,,,,,,,,,,,,,,,,,,,,,,,,,,,,,
813,0.07953298376710333,0.08256734478955856,0.07372070422135135,0.0763976426889462,,0.027743675114631758,0.02801780619815762,0.027645209367160757,,,,,,,,0.06850831021656299,,,0.07640424104702931,0.07640424104702931,,,,,,0.07658867696808577,0.1061541118497248,0.10186792550231263,0.09844712722234565,,,,,,,,,,,,,,,,,,,,,,,,,,,,,,,,,,,,,,,,,,,,,,,,,,,,,,,
814,0.08032806393798589,0.08339275904531991,0.07445767984245381,0.07716137929138554,,0.026942057337760873,0.027225101783661807,0.0271799929198599,,,,,,,,0.06919317826015815,,,0.07818124747038006,0.07818124747038006,,,,,,0.078369972993845,0.10304108455004259,0.10026082671826696,,0.0960854083784995,,,,,,,,,,,,,,,,,,,,,,,,,,,,,,,,,,,,,,,,,,,,,,,,,,,,,,
815,0.10175130206406077,0.10563334156947364,0.09431530527721331,0.09774007273496099,,0.03707343706134351,0.03748419171639187,0.037422148075880964,,,,,,,,0.08764677793500779,,,,,,,0.005311838463766113,0.005288463401150323,0.0052739820569023665,,0.13162683238255432,0.12887747545588524,,0.12455483180540887,,,,,,,,,,,,,,,,,,,,,,,,,,,,,,,,,,,,,,,,,,,,,,,,,,,,,,
816,0.10229232530759864,0.10620158021537779,0.09508961181704817,0.09853315077362743,,0.036831657420701575,0.03723973328142274,0.03717809426725068,,,,,,,,0.08830777609679691,,,,,,,0.0052657722761416505,0.005246073084546384,0.005232677068215776,,0.13077990406703124,0.1280482373649807,,0.1237534069592603,,,,,,,,,,,,,,,,,,,,,,,,,,,,,,,,,,,,,,,,,,,,,,,,,,,,,,
817,0.11341220307006084,0.11214392304135552,,0.10273435490973662,,0.0345847621446114,0.03564517975414277,0.03558963558364806,,,,,,,,0.09181700834314514,,,,,,,0.00533902094898213,0.005316932409808085,0.005304417600260077,,0.1258968956174328,0.12326722280873119,,0.1191327510858706,0.08981569268221486,,,,,,,,,,,,,,,,,,,,,,,,,,,,,,,,,,,,,,,,,,,,,,,,,,,,,
818,0.08193775964859153,0.08506770114683262,0.07614637693020626,0.07890501332342624,,0.02745810115421628,0.028295907330859675,0.02825590593121347,,,,,,,,0.07071698699164655,,,0.06912814791151894,,,,,,,0.06933671436821111,0.10962989424271807,0.10683989362057442,0.1014156010593051,,,0.06686599634067976,,,,,,,,,,,,,,,,,,,,,,,,,,,,,,,,,,,,,,,,,,,,,,,,,,,,
819,0.10263229930448557,0.10655275178000713,0.09537822100054748,0.09883359001716989,,0.035589312212345375,0.03667521926128982,0.03662337218370263,,,,,,,,0.08857756187092479,,,,,,,0.005461873985444424,0.005441601305517812,0.005426933272662154,,0.1309998315450121,0.1284379869845356,0.12336944527635521,,,,,,,,,,,,,,,,,,,,,,,,,,,,,,,,,,,,,,,,,,,,,,,,,,,,,,,
820,0.10296192655269747,0.10691730307192325,0.09601216503251937,0.09947880442235177,,0.03581048507164439,0.03690744405873386,0.03685751062121773,,,,,,,,0.08913188973666566,,,,,,,0.0056339591569829804,0.0056130384871272655,0.005564128661094665,,0.12959109137255675,0.12716556806488422,0.1223546856896006,,,,,,,,,,,,,,,,,,,,,,,,,,,,,,,,,,,,,,,,,,,,,,,,,,,,,,,
821,0.11841185432173519,0.12398598740914162,0.10894297347426522,0.11389254384042798,,0.030045698346955266,0.031039504516676798,0.029969193050479275,,,,,,,,,,,,,,,0.005555595143828081,0.005535319779315711,0.005491222742159081,,0.11370474453563649,0.10781622102490483,,0.10360495334903597,,,0.10200418846543843,,,,,,,,,,,,,,,,,,,,,,,,,,,,,,,,,,,,,,,,,,,,,,,,,,,
822,0.11676077165522288,0.1232552800035322,0.10728725671319736,0.11359072174179252,,0.029147366278909556,0.030232447943614685,0.029072986644704247,,,,,,,,,,,,,,,0.005418217261827169,0.005388592682488844,0.005359739428013571,,0.11863008383715341,0.11120739237959675,0.10587002265457486,,,,,0.09877912077537193,,,,,,,,,,,,,,,,,,,,,,,,,,,,,,,,,,,,,,,,,,,,,,,,,,
823,0.11978557790578119,0.1251059691159325,0.10951864167155567,0.11464616680158365,,0.0281765026404986,0.029111237720506954,0.028104857756725155,,,,,,,,,,,,,,,0.00545150497822394,0.005422184440272102,0.005393549683245029,,0.11463741928956221,0.1074645490921083,0.10230681615220187,,,,,0.10487502275180281,,,,,,,,,,,,,,,,,,,,,,,,,,,,,,,,,,,,,,,,,,,,,,,,,,
824,0.11676685013814435,0.1213929366810165,0.10760871168901195,0.11205019441842619,,0.029401088790989783,0.030406834562534447,0.02969804779671459,,,,,,,,0.09846239080250394,,,,,,,0.005688102007215643,0.005657442111608573,0.0056278059683871695,,0.11917148579204026,0.11171491878170929,,,,,,,0.1063531904596974,,,,,,,,,,,,,,,,,,,,,,,,,,,,,,,,,,,,,,,,,,,,,,,,,
825,0.11577445482150024,0.12036122449820619,0.10669415090927063,0.11109788571061789,,0.02996413549556141,0.030876793850303494,0.030262555040514595,,,,,,,,0.09762556412282232,,,,,,,0.005704513993826677,0.00568300018161058,0.0056537012979936616,,0.12025366519218696,0.11272938615191219,0.10731896873367312,,,,,,,,,,,,,,,,,,,,,,,,,,,,,,,,,,,,,,,,,,,,,,,,,,,,,,,
826,0.10225207448623493,0.10630311247520105,0.0942323441111494,0.09812172557806487,,0.033243216173555724,0.03424303337750365,0.03356163320834161,0.011843045063747892,,,,,,0.011740630601592045,0.08622296230924438,,,,,,0.011782509066837124,,,,,0.13302871025882862,0.12470509588287097,,0.11871990740682774,,,,,,,,,,,,,,,,,,,,,,,,,,,,,,,,,,,,,,,,,,,,,,,,,,,,,,
827,0.16196681892667186,0.16838778413924024,0.14932426466046533,0.1554847298452172,,0.049377767791218975,0.050428319893415355,0.04954104818887564,0.01844491837948162,,,0.007938133141331589,0.007922950967158645,0.007917886176166285,0.018288797888677287,0.13662630620501398,,,,,,0.018350273797066063,,,,,,,,,,,,,,,,,,,,,,,,,,,,,,,,,,,,,,,,,,,,,,,,,,,,,,,,,,,,,,
828,0.16139691262556485,0.16779528463936524,0.148798843219814,0.15493763181704123,,0.049253912225307166,0.05065508094982812,0.04892864427095469,0.019194044392777804,,,0.008259634665406914,0.008262466298017352,0.008238101243121514,0.019039198787967237,0.13614556457336865,,,,,,0.019094680291465178,,,,,,,,,,,,,,,,,,,,,,,,,,,,,,,,,,,,,,,,,,,,,,,,,,,,,,,,,,,,,,
829,0.1619338159591763,0.1684216947411016,0.14928929476070932,0.14888482112223392,,0.04970952067590035,0.05112862782655906,0.04938390305924101,0.019829579029470717,,,0.008545395896703053,0.00854796072878784,0.0085223530893102,0.01966943222932203,0.13640683054745664,,,,,,0.019726770334028053,,,,,,,,,,,,,,,,,,,,,,,,,,,,,,,,,,,,,,,,,,,,,,,,,,,,,,,,,,,,,,
830,0.15903354273441064,0.16475591646982646,0.14802241437639796,0.14693382728950044,,0.051396003878324915,0.052913807406341565,0.05110041589883995,0.020598127099591433,,,0.008983329255119462,0.00898602172242489,0.008959099516621613,0.020431720078968627,0.13739459156463296,,,,,,0.020491182708999106,,,,,,,,,,,,,,,,,,,,,,,,,,,,,,,,,,,,,,,,,,,,,,,,,,,,,,,,,,,,,,
831,0.11114440965775822,0.11514362793415665,0.10344901823293827,0.10268823301081477,,,,,,,,0.006045183562930482,0.006047512593044996,0.00602834404510226,,0.09602150909209277,,0.10282964019608944,,0.10282964019608944,,,,,,,,,,,,,,,,0.10733864377527287,0.047636159845813195,0.046438221344077844,0.04635985651381871,,,,,,,,,,,,,,,,,,,,,,,,,,,,,,,,,,,,,,,,,,,,,
832,0.11256752393780416,0.11699999366877167,0.10415646989819732,0.10372263593040064,,,,,,,,0.0063660711985444665,0.006368526485269202,0.006348331862685381,,0.09653086579729823,,0.09653955293216543,,,,,,,,,,,,,,,,,,0.10381828630448044,0.049936808665260915,0.0486972593555888,0.04859914560523593,0.09934852835829723,,,,,,,,,,,,,,,,,,,,,,,,,,,,,,,,,,,,,,,,,,,,
833,0.122659239804028,0.1274890819168849,0.11349413197933421,0.11302140465239657,,,,,,,,0.006478965617070665,0.006481764103979389,0.0064609033289859405,,0.10518488994093277,,,,0.08804100474129488,,,,,,,,,,,,,,,,0.09467897829595685,0.043002050041714826,0.04132916297754597,,0.0906027010750662,0.041075721524808824,,,,,,,,,,,,,,,,,,,,,,,,,,,,,,,,,,,,,,,,,,,
834,0.1254794097253923,0.13050433135615608,0.11553182510381171,0.11514489494980251,,,,,,,,0.006453410266483728,0.006455320577722937,0.006435552424975077,,0.10597050042936967,,,,,,,,,,,,,,,,,,,,0.09136611246549294,0.04153256234716551,0.040610175743489095,0.04045658397925188,0.08776757780021861,,0.08629174283066793,,,,,,,,,,,,,,,,,,,,,,,,,,,,,,,,,,,,,,,,,,
835,0.12615701118475608,0.13403955292880146,0.11658633156604302,0.11695906737476167,,,,,,,,0.007743535881663696,0.007745658475399556,0.007721671574497954,,,,,,,,,,,,,,,,,,0.0757828668792218,,0.11075146772735191,,0.07734103463870978,0.04810724786585594,0.04691292063625008,0.04681059862797718,0.07734103463870977,,,,,,,,,,,,,,,,,,,,,,,,,,,,,,,,,,,,,,,,,,,,
836,0.12226416907069054,0.12878761418462945,0.11476005664935436,0.11429188597964325,,,,,,,,0.007905742975093877,0.007907751548240978,0.007882793239427059,,0.10511273980983041,,,,,,,,,,0.07879448598977137,,,,,,,,,,0.08088736519149307,0.05157774775053595,0.049617333017400074,,0.08088736519149307,0.049322949402396433,,,,,,,,,,,,,,,,,,,,,,,,,,,,,,,,,,,,,,,,,,,
837,0.13079557771179004,0.13759494469209962,0.12324298674726542,0.12264485958901965,,,,,,,,0.009245913310517094,0.009248453557904204,0.009218972519024532,,0.11408647701627805,,,,,,,,,,,,,,,,,,,,,0.05839180738865905,0.05647831068287785,,,,,0.058385924341710145,0.05814660425734383,0.05648418471540181,0.056034983470108636,,,,,,,,,,,,,,,,,,,,,,,,,,,,,,,,,,,,,,
838,0.13268883997984454,0.13929291986028017,0.12408780978293318,0.12346764349992603,,,,,,,,0.009031873112501414,0.009034759647136553,0.009005542648503938,,,,,,,,,,,,,,,,,,,,,,,0.05886963816663092,0.05613316079951309,,,,,0.055356992707576144,0.05580298960093478,,0.05376754926881933,0.11747524043523283,0.05598504049016706,,,,,,,,,,,,,,,,,,,,,,,,,,,,,,,,,,,,
839,0.13708398230203178,0.14699148973737605,0.12642749624134694,0.12880021228025257,,,,,,,,0.008381996171232703,0.008384675926582588,0.008357417069244059,,,,,,,,,,,,,,,,,,,,,,,0.05466991667528444,0.05212865781412613,,,,,0.05173691561821956,0.0521472896697284,,0.0502707891234243,,0.05199110431079144,0.12262805706035909,,,,,,,,,,,,,,,,,,,,,,,,,,,,,,,,,,,
840,0.11337661131759841,0.12129624941760749,0.10514273774622618,0.10683827113237242,,,,,,,,0.007361112909884831,0.007363810575735399,0.00733951703870675,,,,,,,,,,,,,,,,,,,,,,0.08953381897472797,0.0562175275071419,0.053626863708772246,,0.08953381897472797,,0.08736977636219094,,,,,0.1016425469707039,0.05335733736360371,,,,,,,,,,,,,,,,,,,,,,,,,,,,,,,,,,,,
841,0.12459701556717041,0.13360670090519897,0.11491427292365569,0.11707541874383759,,,,,,,,0.007157864664726766,0.007146381185409474,,,,,,,,,,,,,0.07817911963524489,,,,,,,,,,0.07998289470571657,0.04778648066713978,0.045584343522276506,,0.07998289470571654,,,,,,,0.1114989047451889,0.045355238542854476,,0.007132469485863602,,,,,,,,,,,,,,,,,,,,,,,,,,,,,,,,,,
842,0.12955477765195395,0.1394766953632598,0.11816588695673967,0.12087317888018938,,,,,,,,,,,,,,,,,,,0.006502749275458974,0.006473284931591532,0.006465531684524519,0.07325280492291089,,,,,,,,,,0.07475814300650474,0.04630893126484484,0.044286425927614406,,0.07475814300650474,,,,,0.04403763770256293,,,,0.11508580942533962,,,,,,,,,,,,,,,,,,,,,,,,,,,,,,,,,,,
843,0.13105720442087151,0.14329704251877518,0.11937296477866846,0.12418895992321143,,,,,,,,,,,,,,,,,,,0.00654522433281983,0.00651581689370776,0.006507056815630528,,,,,,,,,,,0.07180231339514737,0.04634487768791964,0.04468573973625309,,0.06912285478724826,0.04440772811712065,,,,,,,,0.11841480286469601,,0.0677374137279304,,,,,,,,,,,,,,,,,,,,,,,,,,,,,,,,,
844,0.13689483928536653,0.1464808859103111,0.12690254868982181,0.1289793596571928,,,,,,,,0.00809007525167559,0.008078652542156303,,,,,,,,,,,,,,,,,,,,,,,,0.054122877997698146,0.052208591815641615,,,0.05188234438905967,,0.0523273532457075,0.05242382931835297,,0.05083731228524275,0.12270892113120224,,,0.008062408480570906,,,,,,,,,,,,,,,,,,,,,,,,,,,,,,,,,,
845,0.14820980182921434,0.1522064038191227,,0.1314479818930144,,,,,,,,0.007817384456304532,0.007817384456304532,,,,,,,,,,,,,,,,,,,,,,,,0.05134148280973928,0.05024300076661711,,,0.04990564807544157,,0.0507387047897755,0.050648709390942785,,,0.12477636885796754,,0.11791347988449187,0.0078016362444895,,0.049132012726574345,,,,,,,,,,,,,,,,,,,,,,,,,,,,,,,,
846,0.14763406179908592,0.15360888001021028,,0.13183431110598923,,,,,,,,0.007606241018927006,0.007606241018927005,,,,,,,,,,,,,,,,,,,,,,,,0.04989817040132395,0.04883056889916968,,,0.048502699871077866,,0.04927019591929467,0.04905331401561243,,,0.12542516966605746,,0.12542516966605746,0.007591220239802059,,0.04771375636846508,,,,,,,,,,,,,,,,,,,,,,,,,,,,,,,,
847,0.14867301315236367,0.15304480206468418,,0.13133207116305826,,,,,,,,0.007567274238797389,0.007567274238797389,,,,,,,,,,,,,,,,,,,,,,,,0.04996330217438841,0.048894307138599484,,,0.04856601014509409,,0.04965539345700268,0.049451771380403395,,,0.12481825485162745,,0.12481825485162745,0.007551657049716612,,0.048096614093839675,,,,,,,,,,,,,,,,,,,,,,,,,,,,,,,,
848,0.14469872678613793,0.14860665677021692,,0.12829965313838368,,,,,,,,0.00823443984803196,0.00823443984803196,,,,,,,,,,,,,,,,,,,,,,,,0.0541162230996998,0.05295837381169019,,,0.052602788961003406,,0.05301602972344137,0.05279831386676318,,,0.12178764660486363,,0.11508930360246457,0.008217781807372105,,0.05133962213189923,,,,,,,,,,,,,,,,,,,,,,,,,,,,,,,,
849,0.14755412244373511,0.15190048352040444,,0.1303023674164736,,,,,,,,0.0077360351214528665,0.007736035121452867,,,,,,,,,,,,,,,,,,,,,,,,0.051268130751508274,0.05017771088983655,,,0.04984021482658586,,0.05001788612949824,0.04973000828922946,,0.04833805794466873,0.123839289151175,,0.123839289151175,0.00772036924280401,,,,,,,,,,,,,,,,,,,,,,,,,,,,,,,,,,
850,0.16230362088049644,0.1677876562708628,,0.1437706304518199,,,,,,,,0.009263851649397914,0.009263851649397914,,,,,,,,,,,,,,,,,,,,,0.13491591786021107,,,0.0695395660302515,0.06947817407891362,,,0.06899699907680913,,,,,,,,0.13676619492987754,0.009245091946843519,,,0.006296568465627775,0.006229458256313538,0.0061424184531773994,,,,,,,,,,,,,,,,,,,,,,,,,,,,,
851,0.16140639781285643,0.16681531606841363,,0.14309752805736045,,,,,,,,0.009387815006195071,0.009387815006195071,,,,,,,,,,,,,,,,,,,,,0.13434300274081457,,,0.07050413349646831,0.07037142120427309,,,0.06991654345398146,,,,,,,,0.1361795767317633,0.009369194070478808,,,0.0064950887955344755,0.006391302239710674,0.006334865315954721,,,,,,,,,,,,,,,,,,,,,,,,,,,,,
852,0.16239970611111834,0.16848345367400147,,0.1430762599277174,,,,,,,,0.009117788997643091,0.00911778899764309,,,,,,,,,,,,,,,,,,,,,,,,0.06792813414194084,0.06780372763264073,,,0.06736544385990756,,,,,,,,,0.00909969934719959,,,0.006184887620664398,0.00608604464729907,0.0060319693244787805,0.1386525478588728,0.1386525478588728,,,,,,,,,,,,,,,,,,,,,,,,,,,
853,0.1501047700989166,0.16202166816864816,0.14101892489978207,0.14219085236382314,,,,,,,,0.010136907002325918,0.010136907002325918,,,,,,,,,,,,,,,,,,,,,,,,0.07526856267310703,0.07544443435893007,,,0.07495144196429436,,,,,,0.12754429164870487,,,0.010117194217628266,,,0.007130334609473321,0.007008072158444096,0.0069256388335961405,,,,,,,,,,,,,,,,,,,,,,,,,,,,,
854,0.15235983413592896,0.1644122170067305,0.14462017706607613,0.14841644140267007,,,,,,,,0.009114831504737997,0.009114831504737997,,,,,,,,,,,,,,,,,,,,,,,,0.067577679421276,0.06773249375509559,,,0.06728917227627851,,,,,,0.14156394065795186,,,0.009097054170428345,,,0.0063363956348812716,0.00622623551919092,0.006138695944015849,,,,,,,,,,,,,,,,,,,,,,,,,,,,,
855,0.15348762482194164,0.1657201274020201,0.1457732518530793,0.14964901829484595,,,,,,,,0.008915764276971301,0.008915764276971298,,,,,,,,,,,,,,,,,,,,,,,,0.06541831434904584,0.06551418776460277,,,0.06508701745399967,,,,,,,,0.1436691869948485,0.008888380175018529,,,0.0064213389984463685,0.006309584136018438,0.006230439202190314,,,,,,,,,,,,,,,,,,,,,,,,,,,,,
856,0.14807138219839072,0.1597145652126436,,0.14463141178172906,,,,,,,,0.009740027838858224,0.009740027838858224,,,,,,,,,,,,,,,,,,,,,,,,0.06845138890459529,0.06972287966874013,,,0.06927241733058309,,,,,,,,,0.009710589656837625,,,0.006978626925638141,0.006861075715341812,0.006773773838624431,0.1451659165445798,0.1451659165445798,,,,,,,,,,,,,,,,,,,,,,,,,,,
857,0.08700683212661461,0.09384837338124576,,0.08498550346661744,,,,,,,,,,,,,,,,,,,,,,,,,,,,,,,,,0.036614180626656806,0.037409207993863595,,,0.03716319470943516,,0.030456491623544486,0.03139458807616671,,0.03042560791573284,,,,,,,,,,0.08529957878273707,0.08529957878273707,0.12968734233673443,0.11520476008895704,0.11520476008895701,,,,,,,,,,,,,,,,,,,,,,,,
858,0.09042440969406303,0.09797214437434239,,0.09029813402617824,,,,,,,,,,,,,,,,,,,,,,,,,,,,,,,,,0.036345844539607826,0.036629213193636524,,,0.03638202729891697,,0.029369999787798615,0.030540219260822742,,0.02961298781732518,,,,,,,,,,0.09125874542855589,0.09125874542855589,0.12241624041903974,0.10874564436557849,0.10874564436557849,,,,,,,,,,,,,,,,,,,,,,,,
859,0.08302764738716258,0.08847658106598452,,0.08240655852009318,,,,,,,,,,,,,,,,,,,,,,,,,,,,,,,,,0.038393071208322534,0.03869584482169889,,,0.038434603821182516,,0.03164398093251025,0.03250725058105152,,0.031768431631239546,,,,,,,,,,0.08253440065005892,0.08253440065005892,0.13310165561440276,0.11823778655811694,,0.11823778655811694,,,,,,,,,,,,,,,,,,,,,,,
860,0.08314119957903689,0.08839440704623491,0.08150323635643433,0.08245388845785645,,,,,,,,,,,,,,,,,,,,,,,,,,,,,,,,,0.03891054510833452,0.03921739959978612,,,0.03895263751082524,,0.03139080740283285,0.03058138565133589,,0.030730583300185334,,,,,,,,,,,0.08294995921331057,0.1338927956472385,0.11894057756329428,0.11894057756329428,,,,,,,,,,,,,,,,,,,,,,,,
861,0.14799636581919454,0.15655602111209105,0.1451377707957435,0.14578481019104603,,,,,,,,0.010163879356568163,0.010163879356568163,,,,,,,,,,,,,,,,,,,,,0.1314674215523895,,,0.07383206690673336,0.07409788462209767,,,0.0736078086731333,,,,,,,,,0.010149803801577298,,,0.007120952545131849,0.007015053143249819,0.0069062821244758685,,,,,,,,,,,,,,,,,,,,,,,,,,,,,
862,0.11256170796608533,0.12096445194919565,0.1096227207689661,0.11226874425325692,,,,,,,,,,,,,,,,,,,,,,,,,,,,,,,,,0.047108843883671946,0.04679870962529793,,,0.04650791252765106,,0.03991337739884937,0.04045131502464255,,0.04013687494920541,,,,,,,,,,0.11229032078806726,,,,,,0.05996943943328008,0.05643236382182693,0.0549732176100035,,,,,,,,,,,,,,,,,,,,
863,0.11070673101535383,0.11903738863762228,0.10775877503514357,0.11038198492023896,,,,,,,,,,,,,,,,,,,,,,,,,,,,,,,,,0.0473630106671267,0.047062868956445715,,,0.04676859490069473,,0.041735033664048724,0.042294281099961174,,0.04169262412681471,,,,,,,,,,0.1113225719938432,,,,,,0.060844656899826426,0.05725595982275857,0.05577551826012145,,,,,,,,,,,,,,,,,,,,
864,0.11166799887489887,0.12006726679679747,0.10869872945872662,0.11134835396062584,,,,,,,,,,,,,,,,,,,,,,,,,,,,,,,,,0.04814954785996092,0.04730027663811735,,,0.04712661192806326,,,0.041479899895631694,,0.041022506679405255,,,,,,,,,,0.11229553975240372,,,,,,0.058913428030424125,0.05761986344679534,0.05370520401663247,0.04060477266151722,,,,,,,,,,,,,,,,,,,
865,0.10851673841706443,0.1179327566139344,0.10679897412914287,0.11045309780854903,,,,,,,,,,,,,,,,,,,,,,,,,,,,,,,,,0.04855013376435749,0.04768543777237605,,,0.047510657165764365,,,0.04206760802102783,,0.04194732491745441,,,,,,0.04127173121328281,,,,0.11206209487856776,,,,,,0.060656274219210014,0.059317595914936815,0.05522957516433161,,,,,,,,,,,,,,,,,,,,
866,0.1079525290799127,0.11830723591285335,0.10623824230854431,0.10986714724336911,,,,,,,,,,,,,,,,,,,,,,,,,,,,,,,,,0.04917262860797989,0.04828255760375402,,,0.04810527796062644,,,0.042271903545177424,,0.042151036303335936,,,,,,0.04147216167171448,,,,0.11144573594488788,,,,,,0.06072470430070331,0.05870224121373306,0.055306598303407964,,,,,,,,,,,,,,,,,,,,
867,0.10812895815619702,0.11778490286193721,0.10668837759751787,0.1104984172289912,,,,,,,,,,,,,,,,,,,,,,,,,,,,,,,,,0.04892587797110207,0.04766236394441266,,,0.047491365897754136,,,,,0.04190515231835927,,,,,,0.04122486175022067,,,,0.111805102632122,,,,,,0.06142833063406741,0.05938209119813971,0.0559491740021752,0.041125023807003586,,,,,,,,,,,,,,,,,,,
868,0.10610276800748783,0.11564252795016765,0.1046883294392616,0.10862753838763127,,,,,,,,,,,,,,,,,,,,,,,,,,,,,,,,,0.05087206000343806,0.05026397434823839,,,0.050064529339879454,,,0.04263986444335627,,0.04358800309018444,,,,,,0.04287197362277839,,,,0.10725612225245121,,,,,,0.06166372961020555,0.05959759937508152,0.05612098012983844,,,,,,,,,,,,,,,,,,,,
869,0.10884349689847551,0.11823991373075339,,0.11097544920296323,,,,,,,,,,,,,,,,,,,,,,,,,,,,,,0.10685895245255403,,,0.0493000242578408,0.04871072951431829,,,0.04851744770600274,,,0.041404726729358445,,0.04182501127463143,,,,,,0.04138967224723859,,,,0.10957771741199009,,,,,,0.06059864514671087,0.05858902543226798,0.05516918799489443,,,,,,,,,,,,,,,,,,,,
870,0.10836771427412836,0.11772305697715356,,0.1104903472725361,,,,,,,,,,,,,,,,,,,,,,,,,,,,,,0.10639184477702346,,,0.0491547154731093,0.0485151250516831,,,0.04832153152042602,,,0.04106941390175968,,0.04148629480666589,,,,,,0.04105448133714458,,,,0.10909872532292778,,,,,,0.06157246795540823,0.060096909001613484,0.05665737232842047,,,,,,,,,,,,,,,,,,,,
871,0.10817359855088944,0.1174627851390062,,0.11024398026088356,,,,,,,,,,,,,,,,,,,,,,,,,,,,,,0.10615523395659034,,,0.04909261148543475,0.04845733295311183,,,0.04826395334293349,,,0.041199481596502295,,0.041620332347543386,,,,,,0.04118516226182085,,,,0.1088638797762873,,,,,,0.06191839823155762,0.06042611658427742,0.05693713351316154,,,,,,,,,,,,,,,,,,,,
872,0.14714562453113425,0.15951712499792228,,0.14954386671968015,,,,,,,,0.009565730701776914,0.009565730701776914,,,,,,,,,,,,,,,,,,,,,0.1378108907402077,,,0.07340860081163615,0.07207940121231124,,,0.07187568691248336,,,,,,,,,0.009553444223285305,,,0.006592432103886017,0.006497254874018267,0.00641085071877704,0.1404333607511044,,,,,,,,,,,,,,,,,,,,,,,,,,,,
873,0.10803757685346713,0.11726862658317518,,0.10724311962895199,,,,,,,,,,,,,,,,,,,,,,,,,,,,,,0.10323446852168035,,,0.04982015753325902,0.04928990708339441,,,0.04896462225030603,,,0.042319505642778546,,0.04275035710245003,,,,,,0.042303387207541225,,,,0.10554039845519035,,,,,,0.062280735279524,0.062280735279524,0.05866640257875775,,,,,,,,,,,,,,,,,,,,
874,0.09515237732488924,0.10328658166275102,,0.09444696370440954,,,,,,,,,,,,,0.1007143729924531,,0.10003749506394777,0.10003749506394777,,,,,,,,,,,,,,0.09091293211173987,,,,,,,,,,,,,,,,,,,,,,0.0929451087927104,,,,,,,,,,0.04303636642038916,0.04201433939133015,0.03974879634191316,0.033913547370735486,0.03188835540860359,0.031865268350179776,,,,,,,,,,,,,
875,0.08883986560227705,0.09421466544466196,0.08051354594081553,0.08678518919002468,,,,,,,,,,,,,,0.11398040294896053,0.11398040294896053,0.11398040294896053,,,,,,,,,,,,,,,,,,,,,,,,,,,,,,,,,,,,0.08218422053772619,,,,,,,,,,0.044958734317221104,0.043884657590977,0.04150391573422812,0.03304782775468617,0.031074333374901446,0.031051835665599263,,,,,,,,,,,,,
876,0.10851432591990784,0.1150268773042281,0.09845812019333007,0.10582290625941689,,,,,,,,,,,,,,,,,,,,,,,,,,,,,,,,,0.051688616623389576,0.05037979438623547,,,0.04920839072325778,,,0.04414816435142301,,0.04394803992493029,,,,,,0.044121101996190404,,,,0.10296264066349742,,,,,,0.06416990417864403,0.06260201072846643,0.05894910674708265,,,,,,,,,,,,,,,,,,,,
877,0.108279509669307,0.11484876430155659,0.09875376796138066,0.10549585542153145,,,,,,,,,,,,,,,,,,,,,,,,,,,,,,,,,0.05095823782735924,0.05052001479601845,,,0.04944721037915609,,,0.04461254089518309,,0.04441169482361248,,,,,,0.04459904792827454,,,,0.0979103722879817,,,,,,0.06570468078529913,0.06409928741643128,0.06035901550690822,,,,,,,,,,,,,,,,,,,,
878,0.10870888459225844,0.11530418915039141,0.0991453692129848,0.10591419195567033,,,,,,,,,,,,,,,,,,,,,,,,,,,,,,,,,0.050518931490066005,0.05008448633965331,,,0.049020930472173686,,,0.044191484629248934,,0.04399253415688041,,,,,,0.04417811900990118,,,,0.09829862911224786,,,,,,0.06587027574016026,0.0642608363118751,0.060511137826488294,,,,,,,,,,,,,,,,,,,,
879,0.10805612091268033,0.11544564809719896,0.09888823095110548,0.10567040761980445,,,,,,,,,,,,,,,,,,,,,,,,,,,,,,,,,0.05130901196553655,0.051184279283112435,,,0.05003470317389216,,,0.043756419183634376,,0.04399053609430611,,,,,,0.04417337240052372,,,,0.0982946826367951,,,,,,0.06537077369635762,0.0637735348534472,0.06005227913160548,,,,,,,,,,,,,,,,,,,,
880,0.10831344782647015,0.11572057257241052,0.09912372527633066,0.10592205315031253,,,,,,,,,,,,,,,,,,,,,,,,,,,,,,,,,0.05134843493998688,0.05113134283719597,,,0.049981494153709456,,,0.04387942334235757,,0.04399163139452231,,,,,,0.04430266129578623,,,,0.09852876347470817,,,,,,0.06487318051636974,0.06328809963197968,0.05959516958786024,,,,,,,,,,,,,,,,,,,,
881,0.10868171875668803,0.11611402808289212,0.0994607507080449,0.10628219322365544,,,,,,,,,,,,,,,,,,,,,,,,,,,,,,,,,0.05226010884589802,0.04891239540005642,,,0.04993242442561575,,,0.04317514064127412,,0.043269108369962714,,,,,,0.04356271094598265,,,,0.09886376600769173,,,,,,0.06547689971796913,0.06387318482324977,0.060135570051019306,,,,,,,,,,,,,,,,,,,,
882,0.10832153189753976,0.11572920948086153,0.09913112346423711,0.10592995873750127,,,,,,,,,,,,,,,,,,,,,,,,,,,,,,,,,0.05189219270234909,0.04944215429339782,,,0.049151466245582434,,,0.04377813530160377,,0.043994296946724784,,,,,,0.04420097416948113,,,,0.09853611725710838,,,,,,0.06563690814079745,0.06401404403493612,0.060241887327879357,,,,,,,,,,,,,,,,,,,,
883,0.08806921847086832,0.09524565643573066,0.08219983092004585,0.08778131507757933,,,,,,,,,,,,,,0.11222583002943311,0.11222583002943312,0.11222583002943311,,,,,,,,,,,,,,,,,,,,,,,,,,,,,,,,,,,,0.08091390154700133,,,,,,,,,,0.041602511057199996,0.039867176011022694,0.037206102155683984,0.03818037799771146,0.03646180540717831,0.0357946148316788,,,,,,,,,,,,,
884,0.08071262307243365,0.08728803423177647,0.07532009293243165,0.08091861053692652,,,,,,,,,,,,,,0.1182083912425861,0.1182083912425861,0.1182083912425861,,,,,,,,,,,,,,,,,,,,,,,,,,,,,,,,,,,,0.07467358269404929,,,,,,,,,,0.043077357990103045,0.04128050373497956,0.038525092386204975,0.042723895344708294,0.04080081025883974,0.040054223089788524,,,,,,,,,,,,,
885,0.09219951340290651,0.09971072647265622,0.08603952707124557,0.09243481667109908,,0.026278156355096616,0.026504519109273525,0.026408583074061052,,,,,,,,,,0.12345090604332898,0.12345090604332898,0.12345090604332898,,,,,,,,,,,,,,,,,,,,,,,,,,,,,,,,,,,,0.08530100653852349,,,,,,,,,,,,,,,,0.03159014439171699,0.03159014439171699,0.03159014439171699,,,,,,,,,,
886,0.09243360793484602,0.09969401278634857,0.08627831723994143,0.09278974443551384,,,0.02693934198506299,0.026837961262804754,,,,,,,,,,0.1239960665928869,0.1239960665928869,0.1239960665928869,,,,,,,,,,,,,,,,,,,,,,,,,,,,,,,,,,,,0.08565681496556155,,,,,,,,,,,,,,,,,,0.030214495642517526,0.030214495642517526,0.030214495642517526,0.026738512683707506,,,,,,,
887,0.09591433424015884,0.10344814053858596,0.08952725683133844,0.09628388159553473,,0.02783771727389437,0.028083767770236447,0.027978984042302348,,,,,,,,,,,0.11868455712541487,0.11868455712541487,,,,,,,,,,,,,,,,,,,,,,,,,,,,,,,,,,,,0.08888235095556747,,,,,,,,,,,,,,,,0.02999795629293828,,,0.02995040454833404,0.02995040454833404,,0.11477568711194527,,,,,,
888,0.10706189857471786,0.11569939040319378,,0.10781962934426148,,,,,,,,,,,,,,,,,,,,,,,,,,,,,,,,,0.05212463633776525,,,,0.04780420697412548,,,0.043553836400015214,,,,,,,,0.04378027351724583,,,,0.1045777683955389,0.10339342099616185,,,,,0.06325446737152093,0.06163369031552982,0.05893143332328504,,,,,,,,,,,,,,,0.0475860612827567,0.04277928676388192,,,,
889,0.11013671726019329,0.11809553845102773,,0.11092613166040356,,,,,,,,,,,,,,,,,,,,,,,,,,,,,,,,,0.05072767617634534,,,,0.04676106395208702,,,0.04182786209767799,,,,,,,,0.042016164072799435,,,,0.10760887326807717,0.10638783577879168,,,,,0.060932824979650996,0.05937153565436607,0.05676846018474914,,,,,,,,,,,,,,,0.047282787181278034,0.0411565292825526,,,,
890,0.1068237133763309,0.11454312661882503,,0.10758938153605994,,,,,,,,,,,,,,,0.09754083984214414,0.09754083984214414,,,,,,,,,,,,,,,,,,,,,,,,,,,,,,,,,,,,0.10437190902995701,0.10318760136197887,,,,,,,,,0.041309022373473586,0.039181763156286284,0.036643110874417274,,,,,,,,,,0.0949036680040949,,,0.018860664711016082,0.018825491348505037,0.018678867924766866,
891,0.10405584286894635,0.11140026735725707,0.09712828467311949,0.10446456019376725,,,,,,,,,,,,,,,0.10631362320278795,0.10631362320278795,,,,,,,,,,,,,,,,,,,,,,,,,,,,,,,,,,,,0.09644789180276127,,,,,,,,,,0.04045855467160975,0.03837856854462485,0.03584327823766677,,,,,,,,,,0.10284000052795422,,,0.018857365630472106,0.018822521378121064,0.01867561770812396,
892,0.14883547024535798,0.15934051102212607,0.138926690946664,0.14942007591054643,,,,,,,,,,,,,,,,,,,0.009228479177691434,,,,,,,,,,,,,,0.07404138775185189,,,,,,,,,,,0.07157403742153046,,0.009241493999219712,,,0.0072680443632207655,0.007139581127194289,0.007064929970082421,0.13795349626562242,,,,,,,,,,,,,,,,,,,,,,,0.07074028644427506,,,,,0.009225515354616923
893,0.1345646558414828,0.14404837663696476,0.12561781081557172,0.13511647449537648,,,,,,,,,,,,,,,,,0.006519675419360564,,0.006521771683351691,,,,,,,,,,,,,,0.04660251227336855,,,,,,,0.059868973055446535,,,,0.045172530216608484,,0.006531276535551467,,0.059746878914779644,,,,0.12476834268605261,,,,,,,,,,,,,,,,,,,,,,,0.04451973881112319,0.06040098261496154,,,,
894,0.13516924418915388,0.1449369935080319,,0.1361380813806272,,,,,,,,,,,,,,,,,,,0.006260510283613543,,,,,,,,,,,,,,0.04342007943936175,,,,,,,0.0580899334298509,,,,0.04200378520940864,,0.006269920879636638,,0.05800503589670649,,,,0.13206685680788474,0.13056829466930725,,,,,,,,,,,,,,,,,,,,,,0.04232077069685753,0.0584919961127019,,,,0.006258497496857692
895,0.1347399467497326,0.14447667370256384,,0.13570570691486009,,,,,,,,,,,,,,,,,0.006307070582056733,,0.0063091074774540784,,,,,,,,,,,,,,0.043987247492928934,,,,,,,0.05806097511528354,,,,0.04255336683403211,,0.006318941499336925,,0.057939004764911664,,,,0.1316474125489474,0.13015360984283372,,,,,,,,,,,,,,,,,,,,,,0.04287681671202452,0.05892411976303358,,,,
896,0.12302518665153361,0.13170849715684088,0.11483473701811564,0.12350841300180339,,,,,,,,,,,,,,,,,,,0.005341062086824222,,,,,,,,,,,,,,,,,,,,,0.052109019907908546,,,,,,0.005349398292658112,,0.05157191656666194,,,,0.1140303087653205,,,,,,0.07471158769026054,0.07471158769026054,0.07142738491047253,,,,,,,,,,,,,,,,0.05233156280175765,,,,0.00533933745958196
897,0.12402491210509187,0.12963817084820453,0.11604047312727611,0.12126447080093776,,,,,,,,,,,,,,,,,,,0.005413291697132481,,,,,,,,,,,,,,,,,,,,,0.051842638780760696,,,,,,0.005421748774555411,,0.05290253231602819,,,,0.11099217034624946,,,,,,0.07562499920363834,0.07562499920363834,0.07223427249034375,,,,,,,,,,,,,,,,0.053563778287295805,,,,0.005411542018847233
898,0.12332353181495616,0.12890504670129824,0.11538424608927163,0.12057870123843693,,,,,,,,,,,,,,,,,,,0.005491234371847146,,,,,,,,,,,,,,,,,,,,,0.05215621158817075,,,,,,0.005500008539116715,,0.05360003846081464,,,,0.11036449225062397,,,,,,0.07639093637733341,0.07639093637733341,0.07296586806188475,,,,,,,,,,,,,,,,0.05345928364892376,,,,0.005489464479988557
899,0.12289405205426165,0.12825750166801683,0.11506748995252192,0.12025278790461338,,,,,,,,,,,,,,,,,,,0.0053652432463167565,,,,,,,,,,,,,,,,,,,,,0.05228319232037833,,,,,,0.005373819704770401,,0.05345516775908296,,,,0.11008139674013089,,,,,,0.07702937226603493,0.07702937226603493,0.07351140724192919,,,,,,,,,,,,,,,,0.054035683822212716,,,,0.005363513053695165
900,0.12396232417268241,0.12937239625176572,0.11606772868823118,0.12129810049975953,,,,,,,,,,,,,,,,,,,0.005461772515653268,,,,,,,,,,,,,,,,,,,,,0.04881584039891211,,,,,,0.005470759727375097,,0.04733289155449231,,,,0.11103829322884272,,,,,,0.0795818568937044,0.0795818568937044,0.07594770563792926,,,,,,,,,,,,,,,,0.05060846395476188,,,,0.005460009582185822
