threshold,SHM1,SHM2,MIS1,GCV1,ADE3,YND1,GUA1,ADE12,YTM1,NOP7,PWP2,RPS8B,RPS8A,RPS13,RPF2,RPS2,ADE13,RPS20,APT2,APT1,RPS3,RPS5,RPL5,IMD3,IMD4,IMD2,AMD1,NOP14,PDA1,PDB1,PDX1,KGD2,AIM22,PGI1,NQM1,TAL1,TKL2,TKL1,TPI1,LSC1,ASC1,KGD1,HSP104,BTN2,HSP78,SOL4,PGM2,TFS1,SIS1,MDH1,PYC1,HSP82,HSC82,AHA1,DCS2,GAD1,IRC15,CIT3,IDH2,CYT1,QCR2,RIP1,MRPS28,MRP17,MRPS9,IDH1,ATP15,ATP18,ATP6,ATP2,ATP16,QCR8,ACO1,ATP4,TOM40,TOM22,TOM70,RPN10,RPT5,RPT2,GPM1,RPS15,SGS1,MCM4,MCM5,MCM3,RAD51,RAD52,ERB1
800,0.15113331965466198,0.1442634082597295,0.12679262420782755,0.1251224425556863,0.12258837454755578,0.09336559354018788,0.09243483646532492,0.09207192645646832,0.011843427018906765,0.011787120164451017,0.011702196764450305,0.005635508558417476,0.005635508558417476,0.0056237132479147285,,,,,,,,,,,,,,,,,,,,,,,,,,,,,,,,,,,,,,,,,,,,,,,,,,,,,,,,,,,,,,,,,,,,,,,,,,,
801,0.15052936976668302,0.14838212926114433,0.12666138243009406,0.12594903993474524,0.12666138243009406,0.09470061932033678,0.08631716558413927,0.09052967884407614,0.01116773398481477,0.011146192162206615,0.011042509477636901,0.005641820064220923,0.005641820064220923,0.00562915667558701,,,,,,,,,,,,,,,,,,,,,,,,,,,,,,,,,,,,,,,,,,,,,,,,,,,,,,,,,,,,,,,,,,,,,,,,,,,
802,0.1494889015327849,0.14736850352388087,0.12563595249755527,0.12513057549765305,0.12563595249755527,0.09618057204472205,0.08766610422133389,0.09194444936833017,0.0113260766562655,0.01130526557629717,0.011198714098343318,0.005710588175576002,0.005710588175576002,0.005697756134126584,,,,,,,,,,,,,,,,,,,,,,,,,,,,,,,,,,,,,,,,,,,,,,,,,,,,,,,,,,,,,,,,,,,,,,,,,,,
803,0.16093843843137146,0.1586556365584099,0.13525856300014394,0.13471447856076801,0.13525856300014394,0.08180177273503399,0.07456020048149506,0.07819894175695653,0.009495176142512881,0.009490410798544888,0.009397614099053616,0.004081386886189679,0.0040765508797261955,0.004072266669649885,,,,,,,,,,,,,,,,,,,,,,,,,,,,,,,,,,,,,,,,,,,,,,,,,,,,,,,,,,,,,,,,,,,,,,,,,,,
804,0.15252634990684835,0.1503628677664906,0.1281887354515053,0.12767308975251643,0.1281887354515053,0.09221842212419709,0.08405470702864741,0.08815680613630564,0.010769246066230623,0.010738634411996264,,0.005503809244418464,0.005497512210822076,0.005502578074131719,0.010618506374384664,,,,,,,,,,,,,,,,,,,,,,,,,,,,,,,,,,,,,,,,,,,,,,,,,,,,,,,,,,,,,,,,,,,,,,,,,,
805,0.16102813686362139,0.15874406267963745,0.13533394885058306,0.1347895611677949,0.13533394885058306,0.0817559347208563,0.07451842031692785,0.0781551226063307,0.009489049290756802,0.009463476253675067,,0.004014802394124864,0.004010538535036265,,0.009354573215357388,0.004008424254715004,,,,,,,,,,,,,,,,,,,,,,,,,,,,,,,,,,,,,,,,,,,,,,,,,,,,,,,,,,,,,,,,,,,,,,,,,
806,0.15155573200530376,0.14504459591606012,0.12811688223081863,0.1223897598217256,0.12409508415769402,0.0967317791937796,0.08816851528366729,0.09247137946170092,0.011336579577203498,0.011307189117340126,,0.005870561287663424,0.005870561287663424,,0.011174594332668215,0.005866786326711228,,,,,,,,,,,,,,,,,,,,,,,,,,,,,,,,,,,,,,,,,,,,,,,,,,,,,,,,,,,,,,,,,,,,,,,,,
807,0.16349172098557582,0.1564677910377169,0.1382069109896144,0.1320287408434341,0.13386837044263858,0.08111923577514242,,0.07776920615879479,0.009703565379532743,0.009679946606628867,,0.00420194488436493,0.00420194488436493,,0.009565900706643045,,0.07549548040135745,0.00419924090419091,,,,,,,,,,,,,,,,,,,,,,,,,,,,,,,,,,,,,,,,,,,,,,,,,,,,,,,,,,,,,,,,,,,,,,,
808,0.16333491825346758,0.15593624726823632,0.1368658803411419,0.1352875585291678,0.13233282061091892,0.0796679425441934,,0.07871943552336141,0.009600719744859447,0.009604180760692171,,0.004252302776869114,0.004252302776869115,0.0042426977083741164,0.009462914728655077,,0.0764400784331937,,,,,,,,,,,,,,,,,,,,,,,,,,,,,,,,,,,,,,,,,,,,,,,,,,,,,,,,,,,,,,,,,,,,,,,,
809,0.16376267368750147,0.15670438536295261,0.1385899646432956,0.13218322019697762,0.13423495477075098,,,,0.007461116412966493,0.00746390876868361,,0.005078452032112727,0.005078452032112727,0.005066979601161149,0.007353436946380679,,0.076425319126681,,0.08071945274688071,0.0798776836715426,,,,,,,,,,,,,,,,,,,,,,,,,,,,,,,,,,,,,,,,,,,,,,,,,,,,,,,,,,,,,,,,,,,,,
810,0.16516302222255586,0.15804437787491143,0.13977505920478162,0.1333135301424223,0.1353828092728398,,,,0.007309380457307748,0.0073417489821679316,0.007228926753768093,,,,,,0.07500510781745139,,0.07921944357484274,0.07839331708986891,0.004616300475125008,0.0046142446370327946,0.004592731494924381,,,,,,,,,,,,,,,,,,,,,,,,,,,,,,,,,,,,,,,,,,,,,,,,,,,,,,,,,,,,,,,,,,
811,0.14554312448510642,0.13927011175796997,0.12317102562062723,0.1174770687286307,0.11930053590681643,,0.11295155826225789,,0.006164150521483391,0.006176088816627253,0.00609583123028383,,,,,,,,,,0.004064546114058449,0.004058334525895364,0.004045906803802295,0.11091573667825588,0.1007659805481851,,,,,,,,,,,,,,,,,,,,,,,,,,,,,,,,,,,,,,,,,,,,,,,,,,,,,,,,,,,,,,,,
812,0.1434112474857201,0.13723012018152728,0.12136684917848754,0.11575629585348526,0.11755305336915642,,0.11879810246922268,,0.006999171826428682,0.007022738351904128,0.006922212251521193,,,,,,,,,,0.004797995968297133,0.004776279139848941,0.004775720149821033,0.11547312699039788,,0.09511708678418167,,,,,,,,,,,,,,,,,,,,,,,,,,,,,,,,,,,,,,,,,,,,,,,,,,,,,,,,,,,,,,,
813,0.14248730162443757,0.13634599704747766,0.12058492725840567,0.11501052066258277,0.1167957023311747,,0.12015953143226148,,0.007069151711440447,0.007093058702213595,0.006989303005586027,,,,,,,,,,0.004836775322579392,0.004809819746478368,0.004814328729212708,0.11679645165863588,,0.0962071307675139,,,,,,,,,,,,,,,,,,,,,,,,,,,,,,,,,,,,,,,,,,,,,,,,,,,,,,,,,,,,,,,
814,0.16468546094629505,0.1569589761852895,0.13941391134402475,0.13192837984761652,0.13475093226708063,0.07823453228027662,,,0.008649595447510237,0.008760530824112895,,,,,,,,,0.07356956939899253,,0.005828508854268466,0.00580321329876476,0.0057892906323772555,,,,0.07703140469746894,0.008595693975921826,,,,,,,,,,,,,,,,,,,,,,,,,,,,,,,,,,,,,,,,,,,,,,,,,,,,,,,,,,,,,
815,0.16441316591656643,0.15669945631728802,0.13918340092181825,0.13171024618902735,0.13452813173024641,0.07841372278852723,,,0.008660781907926188,0.008771319181625652,,,,,,,,,0.07410759535083565,,0.005918541447524882,0.005892496552170148,0.005876361190236223,,,,0.0772184743675533,0.008606306138654304,,,,,,,,,,,,,,,,,,,,,,,,,,,,,,,,,,,,,,,,,,,,,,,,,,,,,,,,,,,,,
816,0.1671609771649557,0.16027494679122795,0.1372876119202791,0.13493607102752422,0.1372876119202791,0.0753709983060709,,,0.008350250904211647,0.008454996389234217,0.008296970297472003,,,,,,,,0.07123196355207419,,0.005727632348113581,0.0057062053434700395,0.005691634364618807,,,,0.0742221296704685,,,,,,,,,,,,,,,,,,,,,,,,,,,,,,,,,,,,,,,,,,,,,,,,,,,,,,,,,,,,,,
817,0.16385637849875942,0.1571064777838453,0.1345735786157877,0.1322685252408106,0.1345735786157877,0.08161333290601779,,,0.007861414390768023,0.007975000045947795,0.00779034516370977,,,,,,0.07626181052158076,,,,0.005390812043686806,0.00536850923496125,0.0053558730256860814,,,,0.08000436391265106,,,,,,,,,,,,,,,,,,,,,,,,,,,,,,,,,,,,,,,,,,,,,,,,,,,,,,,,,,,,,,
818,0.16105411015746562,0.1578939767686733,0.1350068595646983,0.13362371228081688,0.1350068595646983,0.08166071137698637,,,0.007872341492227486,0.00798742198392121,0.007800960108140526,,,,,,0.07630608230717209,,,,0.005263343870565406,0.005243467949126659,0.005229344236461896,,,,0.08005080833904599,,,,,,,,,,,,,,,,,,,,,,,,,,,,,,,,,,,,,,,,,,,,,,,,,,,,,,,,,,,,,,
819,0.15895214234263416,0.15583325284800462,0.13324484260462804,0.13187974721070495,0.13324484260462804,0.08428325210863051,,,0.008187077503804194,0.008306374574945251,0.008111536889586381,,,,,,0.0786870975057003,,,,0.00558558013419184,0.005564848297725697,0.005549848048151178,,,,0.08256955732666484,,,,,,,,,,,,,,,,,,,,,,,,,,,,,,,,,,,,,,,,,,,,,,,,,,,,,,,,,,,,,,
820,0.16240369290872936,0.1592170785967924,0.1361381745543788,0.1347434369316047,0.1361381745543788,0.08078952729997983,,,0.007518752168672465,0.007629779137049373,0.007449324699711456,,,,,,0.07394163243238903,,,,0.004972676520205274,0.004954211401648364,0.00491104233763089,,,,0.07919249645682938,,,,,,,,,,,,,,,,,,,,,,,,,,,,,,,,,,,,,,,,,,,,,,,,,,,,,,,,,,,,,,
821,0.15626198253523566,0.15319587818107994,0.13098976183103625,0.1296477697731731,0.13098976183103625,0.08901752392342474,,,0.008359799620499347,0.008482358285977898,0.008280364039722418,,,,,,0.08147220628667935,,,,0.005375551499491807,0.005355933211390253,0.005313265254479493,,,,0.08725784372677345,,,,,,,,,,,,,,,,,,,,,,,,,,,,,,,,,,,,,,,,,,,,,,,,,,,,,,,,,,,,,,
822,0.15681675336092696,0.15373976353599572,0.13145480967664208,0.13010805319668517,0.13145480967664208,0.08819618649065346,,,0.00837921146402311,0.008502453545730025,0.008298594560025668,,,,,,0.08064675137227964,,,,0.0053638213465259515,0.005334494181637924,0.005305930597936406,,,,0.08639836699429572,,,,,,,,,,,,,,,,,,,,,,,,,,,,,,,,,,,,,,,,,,,,,,,,,,,,,,,,,,,,,,
823,0.15462460646324538,0.15159062998704356,0.12961719827963322,0.12828926815576513,0.1296171982796332,0.09022683591426113,,,0.008440054359135668,0.008564389650800423,0.008357596380643201,,,,,,,,,0.08506738526793231,0.005087076207914197,0.005059715724595584,0.005032995178292556,,,,0.09042505015110439,,,,,,,,,,,,,,,,,,,,,,,,,,,,,,,,,,,,,,,,,,,,,,,,,,,,,,,,,,,,,,
824,,,,,,,,,0.0031241535915206204,0.003169486017730583,0.0030930165689303686,,,,,,,,,,0.004182026227273393,0.004159484351724822,0.0041376951629813865,,,,,,0.2126062026738691,0.19132403589730743,0.15141409634402747,0.15141409634402747,0.13563297497234547,0.04601693502957334,0.04487560599839544,0.04485019082029316,,,,,,,,,,,,,,,,,,,,,,,,,,,,,,,,,,,,,,,,,,,,,,,,,,,,,
825,,,,,,,,,0.0032498221767924594,0.0032939972492598375,0.00321750591525502,,,,,,,,,,0.0042700194099753,0.004253915602386305,0.004231984408621117,,,,,,0.2128529955042588,0.1915461244335158,0.15158985750681425,0.15158985750681425,0.13579041744282191,0.04526088624476624,0.04450909530354851,,0.044343521295170114,,,,,,,,,,,,,,,,,,,,,,,,,,,,,,,,,,,,,,,,,,,,,,,,,,,,
826,,,,,,,,,0.003372446637213496,0.003418141337361504,0.003339034544473391,0.005841741335628862,0.005830308562552372,0.0058272308139672244,,,,,,,,,,,,,,,0.21028989057259143,0.19192451310383807,0.1518761025374577,0.15187610253745776,0.13601548292799776,0.04399616944110965,0.04327361566946239,,0.0431192199788884,,,,,,,,,,,,,,,,,,,,,,,,,,,,,,,,,,,,,,,,,,,,,,,,,,,,
827,,,,,,,,,0.0032744262038530776,0.0033205436854186598,0.0032415777552479213,0.004632254908679069,0.004623395432579976,0.004620439901031426,,,,,,,,,,,,,,,0.21549392298221914,0.19667405852266368,0.1556345721324573,0.1556345721324573,0.13938145063781554,0.0390068888350155,,0.0372627236915944,0.037199173178967,,,,,,,,,,,,,,,,,,,,,,,,,,,,,,,,,,,,,,,,,,,,,,,,,,,,
828,,,,,,,,,0.0033022862719646806,0.0033485043848849516,0.003268808473328046,0.005594608130605491,0.005596526117958079,0.005580022611478087,,,,,,,,,,,,,,,0.21156521404329,0.1930884579587108,0.15279716991581266,0.15279716991581266,0.13684036203789768,0.04275897091033829,,0.04165088334237289,0.041811015885545554,,,,,,,,,,,,,,,,,,,,,,,,,,,,,,,,,,,,,,,,,,,,,,,,,,,,
829,,,,,,,,,0.003559913684679309,0.0036098393108785084,0.003523280133664239,0.005877346942150732,0.005879110980726925,0.005861498574771847,,,,,,,,,,,,,,,0.2140113879338834,0.19066612651195014,0.1509030996677484,0.15090309966774842,0.13519760456536853,0.044046112284438346,,0.0429011069218702,0.043060472820121105,,,,,,,,,,,,,,,,,,,,,,,,,,,,,,,,,,,,,,,,,,,,,,,,,,,,
830,,,,,,,,,0.0031178104485694857,0.0031616707127352585,0.003084864000251345,0.005109554703268617,0.0051110861298247585,0.00509577326759096,,,,,,,,,,,,,,,0.20253732893357157,0.176758688747112,0.16711066336145786,0.16711066336145786,0.14896124400660107,0.03827624544608788,0.037313686997418744,0.037250719884052576,,,,,,,,,,,,,,,,,,,,,,,,,,,,,,,,,,,,,,,,,,,,,,,,,,,,,
831,,,,,,,,,0.003038124817396856,0.003081196557048305,0.0030065505322225193,0.00507917794806783,0.005081134804840643,0.0050650293441885895,,,,,,,,,,,,,,,0.20270248675271438,0.17690282553267023,0.16724693272405694,0.16724693272405694,0.14908271353681796,0.03814946456169346,0.03719009435706396,0.0371273358071613,,,,,,,,,,,,,,,,,,,,,,,,,,,,,,,,,,,,,,,,,,,,,,,,,,,,,
832,,,,,,,,,0.0032364023688669285,0.003282866290168754,0.0032023474600480872,0.005583456980519365,0.005585610426086474,0.005567898433411876,,,,,,,,,,,,,,,0.2065075082596825,0.18198834491656768,0.15952266390698563,0.15952266390698563,0.14249452610477523,0.041889196769388494,0.040849408158020246,0.04076710601849298,,,,,,,,,,,,,,,,,,,,,,,,,,,,,,,,,,,,,,,,,,,,,,,,,,,,,
833,,,,,,,,,0.003217031527271233,0.0032660657380701274,0.0031827093664639197,0.005513496787502272,0.005515878255392835,0.005498126067357118,,,,,,,,,,,,,,,0.20552761745508588,0.1811247990473141,0.1587657190733351,0.1587657190733351,0.14181838083038723,0.04382416064887772,0.04211929143039983,,0.04186100469920765,,,,,,,,,,,,,,,,,,,,,,,,,,,,,,,,,,,,,,,,,,,,,,,,,,,,
834,,,,,,,,,0.0030410639250028427,0.0030826782139528504,0.0029995883935763647,0.005149224963993726,0.005150749215810322,0.005134976056903941,,,,,,,,,,,,,,,0.2013985433037389,0.17591223296253378,0.16631135968129993,0.1663113596812999,0.1482467972004402,0.0397242612822825,0.038842034798362714,0.038695130320802046,,,,,,,,,,,,,,,,,,,,,,,,,,,,,,,,,,,,,,,,,,,,,,,,,,,,,
835,,,,,,,,,0.0031862195783776107,0.003229909966443886,0.0031426209098864137,0.0052432306153407295,0.005244667846165235,0.005228426060100521,,,,,,,,,,,,,,,0.20124344673563452,0.17577676334506526,0.16618328367488885,0.16618328367488885,0.14813263267322418,0.03975466587111898,0.038767702740611996,0.03868314630825291,,,,,,,,,,,,,,,,,,,,,,,,,,,,,,,,,,,,,,,,,,,,,,,,,,,,,
836,,,,,,,,,0.003036752537306087,0.003078563222130768,0.0029945550485723127,0.005112839929555556,0.005114138923593216,0.005097997766679821,,,,,,,,,,,,,,,0.20085473845047563,0.17543724479000694,0.16586229523890664,0.16586229523890664,0.14784650965875348,0.04101809678997275,0.03945904303560596,,0.039224929369534235,,,,,,,,,,,,,,,,,,,,,,,,,,,,,,,,,,,,,,,,,,,,,,,,,,,,
837,,,,,,,,,0.0032273886117856515,0.003264972235611798,0.0031826898423921012,0.0052780973063777156,0.005279547425196822,0.005262717958309758,,,,,,,,,,,,,,,0.20066965753557434,0.17550448642481714,0.165927323482485,0.165927323482485,0.14790144297588378,0.04040616811248961,0.03908205993645965,,,0.039086124670131644,,,,,,,,,,,,,,,,,,,,,,,,,,,,,,,,,,,,,,,,,,,,,,,,,,,
838,,,,,,,,,0.003097391494047158,0.0031360731055811125,0.003054238423395896,0.005239912943808108,0.005241587589809995,0.005224637115926307,,,,,,,,,,,,,,,0.20060629867057198,0.17544907313912528,0.16587493406288942,0.16587493406288942,0.14785474499635737,0.04108985835238688,0.03917985056397278,,,,0.039076465479238376,,,,,,,,,,,,,,,,,,,,,,,,,,,,,,,,,,,,,,,,,,,,,,,,,,
839,,,,,,,,,0.003790113698427769,0.003817554935305177,,0.006196480361157696,0.006198461398974827,0.006178309997003841,0.0037342750384870807,,,,,,,,,,,,,,0.21118619928851864,0.18857619120171024,0.14826729092313679,0.14826729092313679,0.13285888639221735,0.04852062038621515,0.04626520344022388,,,,0.0461431220154846,,,,,,,,,,,,,,,,,,,,,,,,,,,,,,,,,,,,,,,,,,,,,,,,,,
840,,,,,,,,,0.0032794110286012,0.0033027867129889863,,0.0053368684226513426,0.005338824252954315,0.005321211235435102,0.0032305212450819774,,,,,,,,,,,,,,0.20058784273288574,0.17543293168602825,0.16585967343813804,0.16585967343813804,0.14784114224321177,0.040856865686484375,0.03897406493834796,,,,0.03877818293905296,,,,,,,,,,,,,,,,,,,,,,,,,,,,,,,,,,,,,,,,,,,,,,,,,,
841,,,,,,,,,0.003382520113805582,0.0034067108058857577,,0.005290169364148177,0.005281682258939618,,0.0033393289906921363,,,,,,,,,,,,,,0.1962931030806292,0.17685783850755263,0.16617408753741136,0.16617408753741136,,0.04268445712222106,0.0407174357549873,,,,0.0405127916478235,0.14461438675163174,0.005271400526860569,,,,,,,,,,,,,,,,,,,,,,,,,,,,,,,,,,,,,,,,,,,,,,,,
842,,,,,,,,,0.0038345189552594907,0.0038494995908381273,,,,,0.003760761634156985,,,,,,0.004917115329883037,0.00489483558776499,0.004888972896710074,,,,,,0.19648877923450922,0.17703414048189398,0.16633973933981058,0.16633973933981058,,0.04227091396521492,0.040424765786685114,,,0.040197671242080645,,0.14475854661538232,,,,,,,,,,,,,,,,,,,,,,,,,,,,,,,,,,,,,,,,,,,,,,,,,
843,,,,,,,,,0.0037407528921890795,0.003770083952674788,,,,,0.0036827253041826734,,,,,,0.004888950025899184,0.004866984163019945,0.004860440829779585,,,,,,0.1965402295569272,0.17708049663333558,0.16638329517670514,0.16638329517670514,,0.04209082491771374,0.040583981259431016,,0.040331488665431924,,,0.1447964514460049,,,,,,,,,,,,,,,,,,,,,,,,,,,,,,,,,,,,,,,,,,,,,,,,,
844,,,,,,,,,0.004320755341254929,0.004350264246626971,,0.0057043392912627345,0.005696285100331684,,0.004244180638870423,,,,,,,,,,,,,,0.19596205937234948,0.17787750877705932,0.15768855070201,0.16377204239499873,,0.04638374481223648,0.04474318604945456,,0.04446358936243306,,,0.13910866255328166,0.005684831357830083,,,,,,,,,,,,,,,,,,,,,,,,,,,,,,,,,,,,,,,,,,,,,,,,
845,,,,,,,,,0.004393454740959983,0.004418058462862784,,0.005807426866719721,0.005807426866719721,,0.004315752465688719,,,,,,,,,,,,,,0.19591281793242932,0.1778328116316545,0.1576489266476377,0.1637308896779268,,0.04584194956169478,0.04486113335500582,,0.04455991679079633,,,0.1390737072620818,0.005795727737821992,,,,,,,,,,,,,,,,,,,,,,,,,,,,,,,,,,,,,,,,,,,,,,,,
846,,,,,,,,,0.00479286750257225,0.0048206144720852676,,0.006275635392345292,0.006275635392345292,,0.004699920697404183,,,,,,,,,,,,,,0.2001952385331052,0.18291101206587568,0.14924901360101664,0.1546619776150988,,0.04940171952279954,0.04834473988712647,,0.048020132919862284,,,0.13408825010963651,0.006263242288726495,,,,,,,,,,,,,,,,,,,,,,,,,,,,,,,,,,,,,,,,,,,,,,,,
847,,,,,,,,,0.0047918361260014895,0.004832498151170618,,0.0062637246348445814,0.0062637246348445814,,0.004710616343239046,,,,,,,,,,,,,,0.20032220012493887,0.18302701219368064,0.14934366566409882,0.15476006251970514,,0.04923022515855561,0.04817691474841534,,0.04785343462989282,,,0.1341732873852723,0.0062507976853399955,,,,,,,,,,,,,,,,,,,,,,,,,,,,,,,,,,,,,,,,,,,,,,,,
848,,,,,,,,,0.004186878545094268,0.004222455365009428,,0.005821761382259654,0.005821761382259654,,0.004119805151113825,,,,,,,,,,,,,,0.20047712667513973,0.177512000858306,0.1562220699309145,0.1635225396962463,0.13982461507026803,0.04489164733593625,0.043931163419500825,,0.04363619106554287,,,,0.00580998412240866,,,,,,,,,,,,,,,,,,,,,,,,,,,,,,,,,,,,,,,,,,,,,,,,
849,,,,,,,,,0.004678959621864674,0.004729044063861115,,0.0063681284236191404,0.0063681284236191404,,0.004613642629265937,,,,,,,,,,,,,,0.20638674904658535,0.1847490553606233,0.14625655744281613,0.1525578160395212,0.13127165510971242,0.04936326612228996,0.048313360751688024,,0.047988404336440145,,,,0.006355232628093587,,,,,,,,,,,,,,,,,,,,,,,,,,,,,,,,,,,,,,,,,,,,,,,,
850,,,,,,,,,0.004318360991768766,0.004364882871862965,,0.0064474051997963225,0.0064474051997963225,,0.004258023595621454,,,,,,,,,,,,,,0.20677943755122,0.185100574199005,0.146534837269891,0.1528480851625518,0.1315214234217968,0.04845535192037122,0.048412573847728936,,0.04807728984477564,,,,0.006434348923813783,,,,,,,,,,,,,,,,,,,,,,,,,,,,,,,,,,,,,,,,,,,,,,,,
851,,,,,,,,,0.004346161271638507,0.004416737359659431,,0.006421154368782841,0.006421154368782842,,0.004307783494603564,,,,,,,,,,,,,,0.2068942481317431,0.18520334797878993,0.14661619811472668,0.15293295132524753,0.13159444833739334,0.048310319200169226,0.048219383068062026,,0.04790769511128793,,,,0.006408417869113175,,,,,,,,,,,,,,,,,,,,,,,,,,,,,,,,,,,,,,,,,,,,,,,,
852,,,,,,,,,0.004297289128187901,0.004367081063583759,,0.00645777957929643,0.00645777957929643,,0.004259107138024224,,,,,,,,,,,,,,0.20696835377639466,0.18526968434926674,0.14666871329084086,0.15298772904405197,0.1316415830040874,0.048222568864317604,0.04813425197562819,,0.04782311183200856,,,,0.006444967375015232,,,,,,,,,,,,,,,,,,,,,,,,,,,,,,,,,,,,,,,,,,,,,,,,
853,,,,,,,,,0.0038394921872710614,0.003906475762055991,,0.005526530729726643,0.005526530729726643,,0.0037943296804405437,,,,,,,,,,,,,,0.1973277316499298,0.18131830937965718,0.15963231081694754,0.1672092667271176,0.14280073282226863,0.041226623961015126,0.04132295363172114,,0.04105292838681835,,,,0.005515783535303818,,,,,,,,,,,,,,,,,,,,,,,,,,,,,,,,,,,,,,,,,,,,,,,,
854,,,,,,,,,0.004406538992472627,0.004484503413142005,,0.006489113904793693,0.006489113904793693,,0.004344583971625043,,,,,,,,,,,,,,0.205816311674217,0.1843351243151311,0.1461383083097444,0.1524097487393079,0.13414225069030775,0.048187758999182706,0.048298152784107026,,0.04798203259822102,,,,0.006476457702953982,,,,,,,,,,,,,,,,,,,,,,,,,,,,,,,,,,,,,,,,,,,,,,,,
855,,,,,,,,,0.0045151431086292056,0.0045951149714445055,,0.006452148131779496,0.006452148131779496,,0.0044585069350156345,,,,,,,,,,,,,,0.19951987199047388,0.18203728926846416,0.136005536648897,0.15986160997447013,,0.04750037834302224,0.04756999223566541,,0.047259822957039704,,,,0.006432330842227395,0.1473401064610917,,,,,,,,,,,,,,,,,,,,,,,,,,,,,,,,,,,,,,,,,,,,,,,
856,,,,,,,,,0.004753300151683048,0.004834738720344032,,0.006570421346618721,0.006570421346618721,,0.004692818087199335,,,,,,,,,,,,,,0.19952983250756826,0.18204637701252435,0.1360123263759513,0.15986959065470513,,0.04659921264798036,0.047464797254026976,,0.0471581388995129,,,,0.006550562957838545,0.1473474620374283,,,,,,,,,,,,,,,,,,,,,,,,,,,,,,,,,,,,,,,,,,,,,,,
857,,,,,,,,,,,,,,,,,,,,,,,,,,,,,0.146793442743293,0.13053133170647552,0.09051791669904341,0.10602622281536418,0.07794691013744753,0.029226789802351497,0.029861409978217256,,0.029665033098289457,,,,,,0.10295702225032546,0.09145949661783177,0.09145949661783177,0.025025027561792864,0.024277258885053547,0.024252641086682635,,,,,,,,,,,,,,,,,,,,,,,,,,,,,,,,,,,,,,,,,
858,,,,,,,,,,,,,,,,,,,,,,,,,,,,,0.14859051545781565,0.1321293206235297,0.09162605392394485,0.1073242156172538,0.07890115075454593,0.02983110889359151,0.03006368571997805,,0.02986080614912909,,,,,,0.10020925388043377,0.08901857994755676,0.08901857994755676,0.025049017839682393,0.02408920651004574,0.024288504734935962,,,,,,,,,,,,,,,,,,,,,,,,,,,,,,,,,,,,,,,,,
859,,,,,,,,,,,,,,,,,,,,,,,,,,,,,0.14419209113581846,0.12821816373919617,0.08891383327603872,0.10414731405758317,0.07656559966339378,0.030597562401183054,0.03083885944351778,,0.03063066203801003,,,,,,0.10434836944496713,,0.09269546781495094,0.025809535777537224,0.025124132106619713,0.02522294128623288,0.09269546781495094,,,,,,,,,,,,,,,,,,,,,,,,,,,,,,,,,,,,,,,,
860,,,,,,,,,,,,,,,,,,,,,,,,,,,,,0.14477390287300193,0.12873552105051572,0.08927259852724272,0.10456754604976475,0.07687454007890307,0.030654703097626624,0.030896450760205797,,0.030687864547753477,,,,,,0.10466849233375812,,0.09297984160145659,0.024051588125021655,0.024688180554429368,0.024168928798863603,0.09297984160145659,,,,,,,,,,,,,,,,,,,,,,,,,,,,,,,,,,,,,,,,
861,,,,,,,,,0.0048257146099114434,0.004898563707474552,,0.0070335098128778435,0.0070335098128778435,,0.004750890102710455,,,,,,,,,,,,,,0.20618877002632827,0.18813815210477466,,0.14995339612694658,,0.05117042906576978,0.05135465804808526,,0.051015003509969736,,,,0.007023769383000939,,,,,,,,,0.14903572418634853,0.11757790950292411,,,,,,,,,,,,,,,,,,,,,,,,,,,,,,,,,,,,,,
862,,,,,,,,,,,,,,,,,,,,,,,,,,,,,0.1650543297292929,0.15060479088262743,,0.12003785310520991,,0.038304022418259476,0.03805185342819122,,0.03781540741022194,,,,,,,,,0.03290578853577145,0.03246819431296308,0.03265000207683425,,0.11930325574063257,0.09412124162483987,0.048529577782592044,0.04566724010475033,0.044486442847813445,,,,,,,,,,,,,,,,,,,,,,,,,,,,,,,,,,,
863,,,,,,,,,,,,,,,,,,,,,,,,,,,,,0.1622589130359491,0.14805409653112914,,0.11800485088737174,,0.039002137838497514,0.03875497938707781,,0.0385126527882609,,,,,,,,,0.034754772753395204,0.034295218481693104,0.03426036899871782,,0.1172826949155115,0.09252717202080195,0.04979243748656791,0.046855614699279916,0.045644090175746325,,,,,,,,,,,,,,,,,,,,,,,,,,,,,,,,,,,
864,,,,,,,,,,,,,,,,,,,,,,,,,,,,,0.16605890055661868,0.15824970418232448,0.10948359571846314,0.1285805729895208,0.09407138037676711,0.037791145052543176,0.03712457738243782,,0.03698827312746848,,,,,,,,,0.0326284199136081,,0.032268630763628875,,,,0.046654546377902006,0.045630150567348336,0.04253006513616434,0.0319400378552047,,,,,,,,,,,,,,,,,,,,,,,,,,,,,,,,,,
865,,,,,,,,,,,,,,,,,,,,,,,,,,,,,0.17393325096020218,0.16557545412312596,0.11349354887001968,0.12743908300871498,0.09721242671443749,0.035367741430574764,0.03473782876320934,,0.03461050480295573,,,,,,,,,0.030566958151154736,,0.030479558634847973,,,,0.043827790936124676,0.04286051568544944,0.03990667585426311,,0.029988662064920003,,,,,,,,,,,,,,,,,,,,,,,,,,,,,,,,,
866,,,,,,,,,,,,,,,,,,,,,,,,,,,,,0.17390807819599596,0.16555149095425534,0.11347712333707036,0.1274206391863318,,0.03568370929728624,0.03503780046817017,,0.034909151757926825,,,,,,,,,0.030597035111858645,,0.030509549597075872,,,,0.043680342032804166,0.04222554895633038,0.0397830036125147,,0.03001816999979626,0.09719835749258321,,,,,,,,,,,,,,,,,,,,,,,,,,,,,,,,
867,,,,,,,,,,,,,,,,,,,,,,,,,,,,,0.17515907104752754,0.16674237141186563,0.11429341129551158,0.12833722863067057,0.09789754554448496,0.03493511062503434,0.034032909088155455,,0.03391080937478478,,,,,,,,,,,0.029903566857005084,,,,0.043796108645126314,0.04233721624605254,0.03988967432309489,0.02934686621744769,0.029418110693238558,,,,,,,,,,,,,,,,,,,,,,,,,,,,,,,,,
868,,,,,,,,,,,,,,,,,,,,,,,,,,,,,0.17376706347479343,0.16541725223697581,0.11338510952680786,0.12731731916752245,0.09711954344653463,0.03612494450378854,0.03569313457617498,,0.0355515059521712,,,,,,,,,0.03017480911813435,,0.030845775197859405,,,,0.043198282822052646,0.041750863426432576,0.03931533151212966,,0.03033906503862241,,,,,,,,,,,,,,,,,,,,,,,,,,,,,,,,,
869,,,,,,,,,,,,,,,,,,,,,,,,,,,,,0.17503869467236258,0.16662777933200965,0.11421486425552835,0.12824903011323788,0.09783026640444546,0.035340259557739825,0.03491782915317902,,0.03477927690342888,,,,,,,,,0.02960818190896546,,0.029908723954594905,,,,0.04305781515248408,0.04162989817543321,0.03919996384483098,,0.0295974165717598,,,,,,,,,,,,,,,,,,,,,,,,,,,,,,,,,
870,,,,,,,,,,,,,,,,,,,,,,,,,,,,,0.173717643594688,0.16537020706852187,0.11335286245761934,0.12728110973563825,,,,,,,,,,0.08067999787510462,,,,,,,,,,,,,,,0.09709192235369317,0.08112531243758977,0.08067999787510462,0.018941419479523738,0.018461026638691636,0.018202976929649645,0.008375550537166326,0.00836253820398751,0.00835743481302152,,,,,,,,,,,,,,,,,,,,,,,,
871,,,,,,,,,,,,,,,,,,,,,,,,,,,,,0.17236195205852534,0.16407965888114637,0.11246825734179042,0.12628780865457714,,0.036026743286181974,0.035560542448485444,,0.035418630308106755,,,,,,,,,0.030120596636157695,,0.030428277102632514,,,,0.045175420640077915,0.04408665779971437,0.04154110942725278,,0.03011012789025787,0.09633421752509341,,,,,,,,,,,,,,,,,,,,,,,,,,,,,,,,
872,,,,,,,,,0.004069230074287534,0.004128839563783471,,0.00616505687007281,0.00616505687007281,,0.004015115160548041,,,,,,,,,,,,,,0.2125775768685779,0.2023628526006342,0.1387094386830305,0.15575337846439055,0.1188109921385748,0.04764768351991051,0.04678493336334594,,0.04665270751542949,,,,0.006157138307341411,,,,,,,,,,,,,,,,,,,,,,,,,,,,,,,,,,,,,,,,,,,,,,,,
873,,,,,,,,,,,,,,,,,,,,,,,,,,,,,0.17271541010414204,0.16435851779131092,0.11351725643647406,0.12750278662706138,,0.03536748701192954,0.034991060544668044,,0.03476013981540799,,,,,,,,,0.029943378819376018,,0.030248229934148562,,,,0.04401240918603024,0.04401240918603024,0.04145824072532371,,0.029931974139549164,0.09718069967854812,,,,,,,,,,,,,,,,,,,,,,,,,,,,,,,,
874,,,,,,,,,,,,,,,,,,,,,,,,,,,,,0.17450633309015204,0.16606278637557623,0.11469434112010647,0.12882489026108598,,0.03412087184238536,0.03377530881219186,,0.03355049658349764,,,,,,,,,0.02959965250175559,,0.029472238634880545,,,,0.04337838128727362,0.043378381287273636,0.040861007314579936,,0.029586923774199084,0.0981883871150421,,,,,,,,,,,,,,,,,,,,,,,,,,,,,,,,
875,,,,,,,,,,,,,,,,,,,,,,,,,,,,,0.1751547919157083,0.16667986930611992,0.1151205408827378,0.12930359860113205,,0.034539160830829724,0.03367085736470193,,0.03288755373443021,,,,,,,,,0.02995070735218657,,0.029817827170301243,,,,0.04296016026040667,0.041924786921434434,0.03950406422572698,,0.02993283004718735,0.09855325138709685,,,,,,,,,,,,,,,,,,,,,,,,,,,,,,,,
876,,,,,,,,,,,,,,,,,,,,,,,,,,,,,0.1744353371008785,0.16599522555075416,0.11464767898431055,0.12877247926622298,0.0981484402457511,0.03510063764368617,0.034211844364092844,,0.03341636910871406,,,,,,,,,0.029892159139109302,,0.029756657441762955,,,,0.043448623874382995,0.04238702321183209,0.03991368850504286,,0.029873835563459527,,,,,,,,,,,,,,,,,,,,,,,,,,,,,,,,,
877,,,,,,,,,,,,,,,,,,,,,,,,,,,,,0.17334995425015176,0.16496235930868577,0.11393431077169185,0.1279712228065855,0.09753773466488183,0.03459153555923444,0.03429406044592979,,0.03356581799257567,,,,,,,,,0.03028394152858601,,0.030147602943837358,,,,0.0446017346497126,0.0435119594892392,0.04097298337319289,,0.030274782215695364,,,,,,,,,,,,,,,,,,,,,,,,,,,,,,,,,
878,,,,,,,,,,,,,,,,,,,,,,,,,,,,,0.17381598738555099,0.16540584327650124,0.11424061119333405,0.12831525999115476,,0.03424970423704263,0.033955168753611466,,0.033234122745187646,,,,,,,,,0.02995996221030947,,0.029825082183447024,,,,0.04465726798985363,0.04356613595716126,0.04102399857787328,,0.029950900884265858,0.09779995461470667,,,,,,,,,,,,,,,,,,,,,,,,,,,,,,,,
879,,,,,,,,,,,,,,,,,,,,,,,,,,,,,0.17382380808434786,0.16541328556819698,0.11424575135002477,0.128321033424396,,0.034565377525581156,0.03448134877327028,,0.0337069130418577,,,,,,,,,0.029656068143176194,,0.02981474170892692,,,,0.044305273499994594,0.04322273921473947,0.040700644963791305,,0.029938659663307065,0.09780435503838975,,,,,,,,,,,,,,,,,,,,,,,,,,,,,,,,
880,,,,,,,,,,,,,,,,,,,,,,,,,,,,,0.17410351663203721,0.1656794603251805,0.11442958987906154,0.12852752119090333,,0.03456591389287514,0.03441977532135559,,0.03364573867097506,,,,,,,,,0.029716522358278385,,0.029792513172125598,,,,0.043934153469295634,0.042860686956913564,0.04035971885240117,,0.03000315238091577,0.09796173689768148,,,,,,,,,,,,,,,,,,,,,,,,,,,,,,,,
881,,,,,,,,,,,,,,,,,,,,,,,,,,,,,0.18026767137599764,0.17154536040058627,0.11848098248127552,0.13307805264945405,0.10143008329817765,0.03295804462885329,0.030846795885035947,,0.03149008123000608,,,,,,,,,0.027261701111901897,,0.027321034332260283,,,,0.040710630627800413,0.039713511873057286,0.03738962886887274,,0.02750642123672095,,,,,,,,,,,,,,,,,,,,,,,,,,,,,,,,,
882,,,,,,,,,,,,,,,,,,,,,,,,,,,,,0.17453861628417014,0.16609350753656116,0.11471555925930858,0.1288487225132055,0.09820655169792816,0.03469445646982065,0.033056392119441017,,0.03286204180784257,,,,,,,,,0.029529289924531254,,0.029675095584031506,,,,0.04423149516891265,0.043137877143757816,0.04059589069298448,,0.029814503797504357,,,,,,,,,,,,,,,,,,,,,,,,,,,,,,,,,
883,,,,,,,,,,,,,,,,,,,,,,,,,,,,,0.1865015561611373,0.17747761660603747,0.12257820517451079,0.13768006054868015,,0.030334126535892944,0.028381695826487505,,0.02821196678331369,,,,,,,,,0.026100821121523,,0.02597408744021747,,,,0.03654577529653116,0.03564174184142358,0.03354288592290616,,0.026091796476471144,0.10493766426486753,,,,,,,,,,,,,,,,,,,,,,,,,,,,,,,,
884,,,,,,,,,,,,,,,,,,,,,,,,,,,,,0.18633174778897732,0.17731602446819675,0.12246659856965758,0.13755470380934837,,0.030643446553531774,0.02835986242893131,,0.028190543107132024,,,,,,,,,0.02591287207822945,,0.02600824765825377,,,,0.03666820424921569,0.03576114226705669,0.03365525514644122,,0.026289232624979127,0.10484211925004899,,,,,,,,,,,,,,,,,,,,,,,,,,,,,,,,
885,,,,,,,,,,,,,,,,,,,,,,,,,,,,,0.1653400021190334,0.1573399713639381,0.10866976726880591,0.12205807807415459,,,,,,,,,,0.08151972604536767,,,,,,,,,,,,,,,0.09303082499177044,,0.08151972604536767,0.01682687498144668,0.01676596824836919,0.016683164478747615,,,,0.08151972604536765,0.019575390112543688,0.019575390112543688,0.019575390112543688,,,,,,,,,,,,,,,,,,,,
886,,,,,,,,,,,,,,,,,,,,,,,,,,,,,0.16648104926062435,0.16182763557801796,0.11857515139237453,0.11857515139237453,,,,,,,,,,0.07700643760349597,,,,,,,,,,,,,,,0.1027697732784337,,0.07700643760349597,0.016077440148903065,0.016016935980120356,,,,,0.07700643760349597,,0.017566655080452485,,0.017566655080452485,0.017566655080452485,0.015957584917306127,,,,,,,,,,,,,,,,,
887,,,,,,,,,,,,,,,,,,,,,,,,,,,,,0.17143460169796604,0.1666427282399569,0.12210329007720666,0.12210329007720667,,,,,,,,,,0.07166379163145584,,,,,,,,,,,,,,,0.1058276315942561,,,0.016274439772089835,0.01621371798848479,0.016131854417575694,,,,0.07166379163145584,,,0.01689696121739103,0.016870176726589362,,,0.06930354820177594,0.016870176726589362,,,,,,,,,,,,,,,
888,,,,,,,,,,,,,,,,,,,,,,,,,,,,,0.17844019519968124,0.16091997214297657,0.11821478994169338,0.11821478994169338,,,,,,,,,,0.07355661249646017,,,,,,,,,,,,,,,0.10267621101904263,,,0.016919594262505458,0.016856398513342356,0.016771310704737273,,,,0.07355661249646017,,,0.017435841813825997,0.017408203030738974,0.017408203030738974,,0.07162126540610335,,,,,,,,,,,,,,,,
889,,,,,,,,,,,,,,,,,,,,,,,,,,,,,0.1693090358871037,0.1526853594170223,0.11216549102194852,0.11216549102194852,,,,,,,,,,0.07512188040901494,,,,,,,,,,,,,,,0.09742205379635212,,,,,,,,,0.07512188040901494,,,,,,,0.07314534957463595,,0.03280727344983632,0.031117822312358816,0.029101646309636253,0.01333034384729459,0.013303626120036681,0.01320274642379641,,,,,,,,,
890,,,,,,,,,,,,,,,,,,,,,,,,,,,,,0.1670775452690357,0.14821487608111186,0.12453295724947888,0.12453295724947888,,,,,,,,,,0.06939727505018596,,,,,,,,,,,,,,,0.10737061499760071,,,,,,,,,0.06939727505018596,,,,,,,0.06752100927580997,,0.030402258409334165,0.028836656496999968,0.02696828106107126,0.01196196747336997,0.011939659531166826,0.011846666805169968,,,,,,,,,
891,,,,,,,,,,,,,,,,,,,,,,,,,,,,,0.16394599505028132,0.14543687065335034,0.1221988242641709,0.12219882426417093,,,,,,,,,,0.07481972833676313,,,,,,,,,,,,,,,0.10535815741485306,,,,,,,,,0.07481972833676313,,,,,,,0.07237511684628892,,0.0294603317937694,0.027945767521150664,0.02609966861221154,0.01182560452936117,0.01180375342054251,0.01171162895632306,,,,,,,,,
892,,,,,,,,,0.0029235820595850284,0.002976186379848679,,,,,0.0028930132097083564,,,0.003864756541131056,,,0.0038659981470656494,,,,,,,,0.22049078872496983,0.1955978876471713,0.1643450645745115,0.1643450645745115,,0.03187105428302166,,,,,0.03080898536858617,,0.003871450321247755,,,,,,,,,,,,,,,,0.1416960702204761,,,,,,,,,,,,,,,,,,,,,,,,0.030450097948165496,,,,,,,,
893,,,,,,,,,0.0029496787836186538,0.0030024757582872022,,,,,0.0029183220328536934,,,,,,0.003895872969883271,,,,,,,,0.22348352123484075,0.19825274756494296,0.16657572836066392,0.16657572836066392,,0.02767209109680778,,,,,0.026822982501345252,,0.003901550828380277,,,,,,,,,,,,,,,,0.14361931807278758,,,,,,,,,,,,,,,,,,,,,,,,0.026435361698118193,0.0038946207368065417,,,,,,,
894,,,,,,,,,0.0029008998538607492,0.002947972197261281,,,,,0.0028652473877206664,,,0.0038737209237587242,,,0.0038749667458070867,,,,,,,,0.2197203849607179,0.19491446068954418,0.16377083624907174,0.16377083624907174,,0.03272495699400256,,,,,0.031657520721095775,,0.00388079147014995,,,,,,,,,,,,,,,,0.14120097840050108,,,,,,,,,,,,,,,,,,,,,,,,0.031896427157436465,,,,,,,,
895,,,,,,,,,0.0032934442945696256,0.003346504372186435,,,,,0.003252538681896872,,,,,,0.0038423946787844356,,,,,,,,0.2194242188830519,0.19465173107839262,0.16355008583387182,0.16355008583387182,,0.03276126188411846,,,,,0.03169332191392044,,0.003848383829149799,,,,,,,,,,,,,,,,0.14101065040729757,,,,,,,,,,,,,,,,,,,,,,,,0.031934224147255205,0.0038411541616330046,,,,,,,
896,0.14380399904858143,0.14982593049752058,0.1319993311147274,0.1372973479113551,0.13858469700025142,,,,0.00955173906580004,0.009726771981099714,,,,,0.009430439836048389,,,,,,,,,,,,,,,,,,,,,,,,,,,,,,,,,,,,,,,,,,,,,,,,,,,,,,,,,,,,,,,,,,,,0.045793305702139415,0.045578911663710836,0.045138366210795665,0.04493089409703015,0.044763621243574976,0.043574644627364816,
897,0.14699603217446364,0.15288266758961971,0.13799134685322753,0.1437734897382111,0.14061285596954506,0.07997880044217721,,,0.00958059945286054,0.009788663675331755,,,,,0.009457984070983218,,,0.005373487203095793,,0.07396515785644951,0.005375224577367781,,,,,,0.07884006821337683,,,,,,,,,,,,,,0.005383622183290348,,,,,,,,,,,,,,,,,,,,,,,,,,,,,,,,,,,,,,,,,,,,,,,,
898,0.14711829411320207,0.15300982565683088,0.1381061192681413,0.14389307137136512,0.14072980878880198,0.07974552650285464,,,0.009569149203775301,0.009783624401255431,,,,,0.009450115624269182,,,0.005407598419270203,,0.07374942389131876,0.005409341916190836,,,,,,0.07861011561110078,,,,,,,,,,,,,,0.0054179852316235694,,,,,,,,,,,,,,,,,,,,,,,,,,,,,,,,,,,,,,,,,,,,,,,,
899,0.14724610445038575,0.15314275431487095,0.1382261001976184,0.14401807976737208,0.14085206907207617,0.0797838097512612,,,0.009534348464334055,0.00974835192523843,,,,,0.009416129647954538,,,,,0.07378446697438444,0.005329447333363474,,,,,,0.0782526428456038,,,,,,,,,,,,,,0.005337966571268831,,,,,,,,,,,,,,,,,,,,,,,,,,,,,,,,,,,,,,,,,0.005327728684267802,,,,,,,
900,0.14720746661952763,0.1531891512906115,0.13798404994638863,0.1450667282953419,0.1406340978300269,0.07973656233195082,,,0.009511251711296517,0.009725501577626356,,,,,,,,,,0.07361786414449918,0.005240915009980662,,,,,,0.07820464270201227,,,,,,,,,,,,,,0.005249538806133984,,,,,,,,,,,,,,,,,,,,,,,,,,,,,,,,,,,,,,,,,0.00523922336419266,,,,,,,0.009393006370410899
