threshold,IRC15,PDX1,PDB1,HSP82,HSC82,PGI1,AHA1,TAL1,TKL1,TPI1,ZWF1,PGK1,STI1,NQM1,TKL2,SSE1,FBA1,GPM1,ENO2,SBA1,HSP104,CDC19,ENO1,PYK2,FES1,PFK1,MAE1,PKP1,ERR3,TDH1,ERR1,TDH3,TDH2,MLS1,PTC5,AIM22,GPM2,KGD2,PKP2,PYC2,ILV2,CPR6,PYC1,LPD1,PTC6,LSC1,YMR31,KGD1,HSP78,SIS1,BTN2,CUR1,HSP26,YJL144W,MDH1,MBF1,CIT3,IDH2,IDH1,ACO1,CIT1,FUM1,ICL2,NCE103,SIP5,CYT1,MDH3,IDP3,ATP2,ATP6,ATP15,ATP18,ATP16,ATP4,MDH2,CIT2,IDP1,TOM40,TOM22,TOM70,PTC7,ACS1,TIM8,TOM7,TIM54,TOM20,TIM22
800,0.19613119792819095,0.19613119792819095,0.19613119792819095,0.021688994953769865,0.021252433661071254,0.019845168065065522,0.01932002462012118,0.01930292834239416,0.01918347605489961,0.01917344917430705,0.018863292759388597,0.018774527310029536,0.018716305344248854,0.01864203080640915,0.01864203080640915,0.018262903149132228,0.018239263279289646,0.018124776781783696,0.01809209280595902,0.018089498767417358,0.017834219368327266,0.017592605412866908,0.01758950394158525,0.017202250347463227,0.017174630463488508,,,,,,,,,,,,,,,,,,,,,,,,,,,,,,,,,,,,,,,,,,,,,,,,,,,,,,,,,,,,,,
801,0.1968877524834021,0.1968877524834021,0.1968877524834021,0.021419398479217106,0.02098569893390125,0.019781946104318774,0.019115946551669354,0.019247805312082245,0.01912893667136116,0.019100613404700525,0.018811214795159417,0.018695467262669768,0.018466052304132122,0.018835979189810517,0.018835979189810517,0.018017386086492865,0.01817050487372941,0.018055729203079584,0.01802319058030306,0.017879295265347823,0.01759167545805372,0.017525972582691417,0.017522835163487713,0.01713818726357258,0.016986927874202782,,,,,,,,,,,,,,,,,,,,,,,,,,,,,,,,,,,,,,,,,,,,,,,,,,,,,,,,,,,,,,
802,0.19689596718126437,0.19689596718126437,0.19689596718126437,0.021356736295225623,0.020927880927594837,0.019855905551879535,0.018924589227174996,0.019319767748949255,0.01920045468992101,0.01917202553008161,0.01888154493592818,0.018765364654126895,0.01828156585758324,0.01890640191807991,0.01890640191807991,0.017837232854527145,0.01823843957010732,0.018123234783679408,0.018090574507626092,0.017701030469807925,0.01741491698722588,0.01759149754385275,0.017588348394671112,0.017202262398320317,,0.017025921691763805,,,,,,,,,,,,,,,,,,,,,,,,,,,,,,,,,,,,,,,,,,,,,,,,,,,,,,,,,,,,,
803,0.1539229448087678,0.1539229448087678,0.17860708807934011,,,0.019301586920600022,,0.0187804165122477,0.018664434323796036,0.018636798822696074,0.018354427594541773,0.018241490725367605,,0.018378590642675337,0.018378590642675337,,0.01772927584384156,0.01761728723707177,0.01758553874010966,,,0.01710039454101124,0.01709733330683602,0.016722025698833937,,0.016550607907469674,0.10870077051555761,0.05622623036061108,0.016410447973684687,0.016150879401295944,0.016039128319659472,0.015451534010911275,0.015429232261630326,,,,,,,,,,,,,,,,,,,,,,,,,,,,,,,,,,,,,,,,,,,,,,,,,,,,,,
804,0.20076800241743406,0.20076800241743406,0.20076800241743406,,,0.017436922116149268,,0.01696904740573808,0.01686347753522278,0.01683364269447825,0.01658206930364828,0.01647788489011415,,0.016606617252447234,0.016606617252447234,,0.016009559975658574,0.015906768149243095,0.015878888380303376,,,0.015438008640074573,0.015435239386793243,0.01509545626545038,,0.01496908260592128,,0.07065843836740769,0.014814782962035854,0.013970107340717285,0.013864050365915455,0.013970107340717285,0.013921781894160065,0.013387442623054422,,,,,,,,,,,,,,,,,,,,,,,,,,,,,,,,,,,,,,,,,,,,,,,,,,,,,
805,0.1287572525468295,0.1287572525468295,0.14907159253993774,,,0.0209753144282802,,0.02040264981393936,0.020275340914076137,0.020267654491063172,0.01993459504614061,0.01985136323882058,,0.019586913713850122,0.019586913713850122,,0.01927462482748509,0.01915197751424624,0.019118383905232263,,,0.018586977038686447,0.018583717472672606,0.018172859275231663,,0.018020148963639068,0.09254560061391007,0.07042823674917759,0.01783359570587768,0.016815730294109613,,0.016815730294109613,0.016757337602827483,,0.07042823674917759,,,,,,,,,,,,,,,,,,,,,,,,,,,,,,,,,,,,,,,,,,,,,,,,,,,,
806,0.15286944339651215,0.15286944339651212,0.15286944339651215,,,0.02064829721585613,,0.020084560772126323,0.019959236691212637,0.019951670103954038,0.019623803247281926,0.01954186907169505,,0.01928154246687333,0.019281542466873337,,0.018974122343808103,0.018853387172702987,0.018820317307369355,,,0.018297195379423866,0.018293986631918384,0.017889533950012762,,0.017739204479984005,,0.08528258280267664,0.017555559694776412,0.016553563390034956,0.01642746735478696,0.016553563390034956,0.01649608107438483,,0.08528258280267664,,,,,,,,,,,,,,,,,,,,,,,,,,,,,,,,,,,,,,,,,,,,,,,,,,,,
807,0.12862915235773445,0.12862915235773445,0.14892328167732347,,,0.021012411679169958,,0.020438734241734306,0.02031120018147051,0.020303500164136287,0.019969851665360354,0.01988647265303662,,0.01962155541873055,0.01962155541873055,,0.01930871421362879,0.01918584998454032,0.019152196961373283,,,0.01861985024079476,0.01861658490986432,0.01820500006254728,,0.01805201966524217,0.09245352728441553,0.07035816791603035,0.01786513646663383,0.01684547084306529,,0.01684547084306529,0.01678697487760694,,0.07035816791603035,,,,,,,,,,,,,,,,,,,,,,,,,,,,,,,,,,,,,,,,,,,,,,,,,,,,
808,0.1296078949344721,0.1296078949344721,0.15005644281360864,,,0.020694000210524942,,0.02013873023275855,0.02001344075172994,0.01997803300049174,0.01967946770507323,0.019555822473348992,,0.01970860101508227,0.01970860101508227,,0.01900001819701045,0.018878025676580937,0.018844938188980493,,,0.01832170562670041,0.018318419098974636,0.01791516719833732,,0.01776518794629502,0.09315700858600394,0.07089352505162867,0.017582066358564144,0.016579612062504474,,0.016579612062504474,0.016522259807641635,,0.07089352505162867,,,,,,,,,,,,,,,,,,,,,,,,,,,,,,,,,,,,,,,,,,,,,,,,,,,,
809,0.11053009011189341,0.1323403988049769,0.14773102133585256,,,0.01901316412073489,,0.018492347667855968,0.018376183558673487,0.01811939331860282,0.018066027613008892,0.018005960085369827,,0.017584538663040633,0.017584538663040633,,0.017470181678901305,0.017092453030011737,0.01732829021428,,,0.016869290790214285,0.01684151113538251,0.01649229005379192,,0.016328691611743648,0.0779963886462041,0.05526541099321062,0.016159454322143024,0.015258436237981388,,0.015258436237981388,,,0.05526541099321062,0.11053009011189341,,,,,,,,,,,,,,,,,,,,,,,,,,,,,,,,,,,,,,,,,,,,,,,,,,,
810,0.10935900156770759,0.13093822565179664,0.14616578144025355,,,0.01959239595591478,,0.01871240035356333,0.018608084404924497,0.018374952913975874,0.018285597614392992,0.018261533885583957,,0.017800509190225886,0.017800509190225886,,0.018014942855798164,0.017624630892387253,0.017870250855192577,,,0.0173951728338207,0.017366271251436433,0.01700310021176926,,0.016833071131650036,0.07717000121506234,0.05467986284393876,0.016656521334129818,0.01572415899730167,,0.01572415899730167,,,0.05467986284393876,0.10935900156770759,,,,,,,,,,,,,,,,,,,,,,,,,,,,,,,,,,,,,,,,,,,,,,,,,,,
811,0.11060214385471867,0.13242667052565704,0.14782732608877433,,,0.01911445294773446,,0.018256461603889555,0.01815399285083523,0.017921424776974438,0.01783109394470576,0.017813250936976586,,0.017363953700903403,0.017363953700903403,,0.017569192454467027,0.017184982363246726,0.017427212765061123,,,0.016961170948276625,0.016932654471383066,0.01657779710168396,,0.016471173191758358,0.07804723391126382,0.05530143810317503,0.016240211947729444,0.015354312925994078,,0.015354312925994078,,,0.05530143810317503,0.11060214385471867,,,,,,,,,,,,,,,,,,,,,,,,,,,,,,,,,,,,,,,,,,,,,,,,,,,
812,0.10318814891840537,0.1235497118113693,0.13791801503138157,,,0.021981689154051208,,0.021034097274418267,0.0209156162579447,0.020600256567650535,0.02054450252082711,0.020480545958280392,,0.02000584828108998,0.02000584828108998,,0.020199308082227512,0.019899017753809776,0.020035123947274785,,,0.019487996504966732,0.01946548147814392,0.018544656308389963,,0.018932392510660166,0.07281549267330513,0.0515944160891502,0.018667083516672508,0.017676093035667608,,0.017676093035667608,,,0.0515944160891502,0.10318814891840537,,,,,,,,,,,,,,,,,,,,,,,,,,,,,,,,,,,,,,,,,,,,,,,,,,,
813,0.10330852272762547,0.12369383833747395,0.1380789028562279,,,0.02193533252262076,,0.020989738995671393,0.020871507840833744,0.02055681320465933,0.020501176736143073,0.02043735504998264,,0.019963658450785283,0.019963658450785283,,0.020156710269413604,0.019857053215717343,0.01999287237825394,,,0.019446898759249036,0.019424431213800053,0.018505547949088378,,0.01889246646423295,0.07290043535630891,0.05165460339228757,0.018627716973710347,0.017638816367608008,,0.017638816367608008,,,0.05165460339228757,0.10330852272762547,,,,,,,,,,,,,,,,,,,,,,,,,,,,,,,,,,,,,,,,,,,,,,,,,,,
814,0.12651852625439963,0.12651852625439966,0.14647965704059826,,,0.02187281842678651,,0.020929919772335798,0.020812025567655445,0.02049822778821317,0.02044274987956925,0.02037911008055372,,0.019906763482071786,0.019906763482071786,,0.020099265117114858,0.019800462064138807,0.019935894151980542,,,0.019391476517919393,0.019369073003334212,0.01845280848882436,,0.018838624314455984,0.0909364930471909,0.06920368790069613,0.018574629340647703,0.017588547029057055,,0.017588547029057055,0.016751716066231992,,0.06920368790069613,,,,,,,,,,,,,,,,,,,,,,,,,,,,,,,,,,,,,,,,,,,,,,,,,,,,
815,0.1284972711092003,0.1284972711092003,0.1487705932084701,,,0.021284058291904138,,0.020369060533558168,0.02025441818571391,0.019941881012263827,0.01989568872446146,0.019822734589756263,,0.01947093182606266,0.01947093182606266,,0.019553824922701274,0.019263021090989315,0.019394599997453955,,,0.018865094680949945,0.01884330910927163,0.01795288469937201,,0.01832781695607908,0.09235873627952929,0.0702860309015258,0.01807125932659613,0.017112086353719847,,0.017112086353719844,0.016298378009912292,,0.0702860309015258,,,,,,,,,,,,,,,,,,,,,,,,,,,,,,,,,,,,,,,,,,,,,,,,,,,,
816,0.12822824763003562,0.12822824763003562,0.14845912525092628,,,0.02135267289222378,,0.02043752728379021,0.020322602622370206,0.020001066627132268,0.019963390759179432,0.019877935838087096,,0.01964508023507112,0.01964508023507112,,0.019611946017820642,0.019320156224041596,0.01945192839910288,,,0.018921003170907152,0.018899163955414605,0.018007177315303997,,0.018382764092339618,0.0921653728847218,0.07013887919622819,0.018125747747867703,0.017163890652152704,,0.017163890652152704,0.016348223491795478,,0.07013887919622819,,,,,,,,,,,,,,,,,,,,,,,,,,,,,,,,,,,,,,,,,,,,,,,,,,,,
817,0.1612113321468188,0.1612113321468188,0.18727973420039812,,,0.02042514699228494,,0.01955461393627276,0.019444846137605477,0.019126270225010383,0.019102019598011097,0.018997184215974336,,0.019011966108628976,0.01901196610862898,,0.018754522143671615,0.018475256459997903,0.01860089337277659,,,0.01809346462814519,0.01807259066247647,0.017221647335903284,,0.017579947214264043,0.11270375310950204,,0.017334728787143164,0.01641522212204126,0.015504588706007804,0.01641522212204126,0.01563606338079755,,,,0.01481568813877924,,,,,,,,,,,,,,,,,,,,,,,,,,,,,,,,,,,,,,,,,,,,,,,,,,
818,0.15968343881275276,0.15968343881275276,0.18550477549445643,,,0.02073180608578653,,0.019851868322721473,0.019740571552555312,0.01940691902077721,0.019393448858349486,0.019270748212209664,,0.019447046492540126,0.019447046492540126,,0.01902985045987945,0.01874632515110714,0.01887354517452259,,,0.018358872515672576,0.01833770584599084,0.017475707251871298,,0.01783865805943151,0.11163559424742274,,0.017590241042187642,0.016657459279395288,0.015734270281298493,0.016657459279395288,0.015867472017080834,,,,0.015035731237302471,,,,,,,,,,,,,,,,,,,,,,,,,,,,,,,,,,,,,,,,,,,,,,,,,,
819,0.1613232685659735,0.1613232685659735,0.18740977110628723,,,0.020389545374321794,,0.019524134475128855,0.01941467509971658,0.019086530826719024,0.019073283042764115,0.018952608057595226,,0.019125995835357495,0.019125995835357495,,0.01871568727841254,0.01843684267972873,0.01856196243192099,,,0.018055786487233768,0.018034969257412443,0.017187201370009147,,0.017544160234508145,0.11278200849254723,,0.017299844325711366,0.016382461826661573,0.015474513725667402,0.016382461826661573,0.015605516438331904,,,,0.014787506839998287,,,,,,,,,,,,,,,,,,,,,,,,,,,,,,,,,,,,,,,,,,,,,,,,,,
820,0.09855649270634224,0.11512030846034725,0.1238671107983531,,,0.021877258056636446,,0.020948702896671303,0.02083125687427846,0.020479169723320405,0.020464955321628786,0.020335475348286888,,0.020521514275998787,0.020521514275998787,,0.020081267766410806,0.01978207741512482,0.01991632646562792,,,0.019373217653700692,0.019350881505421542,0.018441256670519195,,0.018824260854814708,0.05204428747733233,0.029422973002175105,0.018562118561499027,0.017577799720646898,,,,,,0.09855649270634224,,0.11512030846034725,0.029422973002175105,,,,,,,,,,,,,,,,,,,,,,,,,,,,,,,,,,,,,,,,,,,,,,,,
821,0.07181907239211312,0.08278902810558364,0.1128647496961235,0.026718519497178694,0.025964247473589573,0.022066314831218375,0.023416822984312025,0.021474944187990626,0.021341258615932373,0.02098081411203553,,0.020784657214034132,0.022548282765739072,0.02128419168894582,0.021210422219573217,,,,,0.022400521475959667,0.022269458380429763,,,,0.020967232852129584,,0.06563373808194799,0.023124224540342984,,,,,,,,0.07181907239211312,,0.08278902810558364,0.023124224540342984,0.06563373808194799,0.06563373808194799,0.02134169768288449,,,,,,,,,,,,,,,,,,,,,,,,,,,,,,,,,,,,,,,,,,,,,
822,0.08744987612466221,0.10158132448046119,0.12091540326685891,,,0.02219885071103997,,0.021650560801683826,0.02151529533579784,0.021101539439697174,0.020888380081844276,0.020892512560215723,,0.021624338217014854,0.021548815941384233,,0.020344366739802555,0.020076822953676927,0.02017378822630877,,,0.01916672600553942,0.019601119844930855,0.018727172169526452,,0.019071835992701146,0.05982247915388085,0.026992476180615944,0.018810159832736727,,,,,,,0.08744987612466221,,0.10158132448046119,0.026992476180615944,0.05982247915388085,,,,,,,,,,,,,,,,,,,,,,,,,,,,,,,,,,,,,,,,,,,,,,,
823,0.07430560972708329,0.08565536990663751,0.1167723804211382,,,0.02245167028442188,,0.021876707595378107,0.02173947050163735,0.02133761696901611,0.021102938748562537,0.02112799264413166,,0.021854893135353895,0.021777919602481984,,0.020581502069095096,0.020309142551819835,0.02040793014529995,,,0.019383146656757437,0.01982622008738546,0.018936974069222078,,,0.06790612527296298,0.0239248370482276,0.01902348533551276,,,,,,,0.07430560972708329,,0.08565536990663751,0.0239248370482276,0.06790612527296297,,,0.06790612527296297,,,,,,,,,,,,,,,,,,,,,,,,,,,,,,,,,,,,,,,,,,,,
824,0.06139316788354165,0.08168904628152207,0.1032207594970019,,,0.02346712180434384,,0.02287212067147623,0.02272099829500816,0.022242931362344263,0.022666572754832172,0.02206929471143395,,0.022885081575539538,0.02279985180788664,,0.021442120792746898,0.021755369478291302,0.02129045286043785,,,0.020102568152749144,0.02129045286043785,,,,0.05175351256360742,0.027388970075926722,,,,,,,0.027388970075926722,0.07317501234919525,,0.08168904628152207,,0.05175351256360742,,,0.05175351256360742,0.07317501234919525,0.02801454038781837,,,,,,,,,,,,,,,,,,,,,,,,,,,,,,,,,,,,,,,,,,
825,0.06168226501157739,0.08207371561014777,0.10370682050595416,,,0.02316336366676832,,0.02257993891168479,0.0224309232946262,0.021953705963522228,0.02237673430040353,0.02176879899848077,,0.022778616296188,0.02269387975459461,,0.02116352889070625,0.021472228570198666,0.021013271536131427,,,0.01984204534414125,0.021013271536131427,,,,0.05199721707281735,0.02751794326401546,,,,,,,0.02751794326401546,0.07351958954961373,,0.08207371561014777,,0.05199721707281735,,,0.05199721707281735,0.07351958954961373,0.028146459352885015,,,,,,,,,,,,,,,,,,,,,,,,,,,,,,,,,,,,,,,,,,
826,0.06299235228355886,0.08388947061760754,0.1060103961968088,,,0.02299632137666799,,0.022453932397500497,0.0223113937698941,0.02184254070891714,0.02165541804806048,0.02161966647310702,,0.022618650344034905,0.02253794938836728,,0.021095395143176914,0.02077940187268709,0.020914820171494996,,,0.019823728266903293,0.020315797525111784,,,,0.05301868476281792,0.023012267801454496,,,,,,,0.026298497107423116,0.07512878371245939,,0.08388947061760754,,0.05301868476281792,,,0.05301868476281792,0.07512878371245939,0.023628908176243676,,,,,,,,,,,,,,,,,,,,,,,,,,,,,,,,,,,,,,,,,,
827,0.06559703034044465,0.0873582260363265,0.11039383232462056,,,0.02071879704313159,,0.019792370847771787,0.019678140689767643,0.019294694367031347,0.019692007868033243,0.0191148927909416,,0.019641088695487394,0.019758615523713947,,0.018970929937540133,0.01921912723289418,0.018804711904563527,,,0.01774346598083537,0.018804711904563527,,,,0.05521096048836977,0.023963804723140015,,,,,,,0.027385916704589945,0.07823529247554674,,0.0873582260363265,,0.055210960488369765,,,0.055210960488369765,0.07823529247554674,0.02460594263207386,,,,,,,,,,,,,,,,,,,,,,,,,,,,,,,,,,,,,,,,,,
828,0.06360476088813587,0.08470503999670252,0.10704102414531438,,,0.02243089896300358,,0.021849608072460128,0.021712372476236984,0.02145131161852423,0.021117785043347406,0.02104918225668291,,0.021837366129575903,0.021933611892480182,,0.020573628499999722,0.02043204911559042,0.02042994621545073,,,0.019312137269516656,0.019844694563466315,,,,0.053534129853770346,0.023235991956872638,,,,,,,0.026554169825335455,0.07585918211685305,,0.08470503999670251,,0.053534129853770346,,,0.053534129853770346,0.07585918211685305,0.023858627279584228,,,,,,,,,,,,,,,,,,,,,,,,,,,,,,,,,,,,,,,,,,
829,0.06283850191244797,0.08356036651767802,0.10557855636446942,,,0.02303975837027919,,0.02244082589887548,0.02230032976455541,0.02221041616581344,0.02169087964223477,0.021622343539427335,,0.022425572615774235,0.022524187439718218,,0.021136120582428426,0.021183972980940942,0.02098897688350676,,,0.019824231393721577,0.020389202345346538,,,,0.053030947791942395,0.023311981101313238,,,,,,,0.026623785320368944,0.07486368016739132,,0.08356036651767802,,0.053030947791942395,,,0.053030947791942395,0.07486368016739132,0.023929420932812324,,,,,,,,,,,,,,,,,,,,,,,,,,,,,,,,,,,,,,,,,,
830,0.0746423397806591,0.10121847159397036,0.10706225417368198,,,0.022182332377256468,,0.02158800687293078,0.021454214092285023,0.021378759156795345,0.020911727648556783,0.020773820893324906,,0.021624498368406526,0.021501348240247076,,0.020375313753345763,0.020391487938462516,0.020200829788710954,,,0.019075542364104005,0.019621753357394238,0.018631972865771076,,,0.03967890641947204,0.02644971403919463,,,,,,,0.030464985789177584,0.09022541794638178,,0.10121847159397036,0.021839377843242903,,,,,0.09022541794638178,0.027263035156276,,,,,,,,,,,,,,,,,,,,,,,,,,,,,,,,,,,,,,,,,,
831,0.07473163432577302,0.10133955913496483,0.10719033262504626,,,0.02211727212928368,,0.02152468976738461,0.021391289397750358,0.021316055769773804,0.020850394053729345,0.020712891775697594,,0.021561074234180765,0.021438285302388747,,0.020315553447586617,0.020331680194206978,0.020141581240228426,,,0.019019594256604887,0.019564203226173516,0.01857732573695463,,,0.03972637424952342,0.02648135580163756,,,,,,,0.03050143101659062,0.09033335450995832,,0.10133955913496483,0.021865504265804345,,,,,0.09033335450995832,0.02729564989383459,,,,,,,,,,,,,,,,,,,,,,,,,,,,,,,,,,,,,,,,,,
832,0.06901070992900561,0.09281668243686081,0.10588811648218255,,,0.023175719717123976,,0.022554909036912138,0.02241513179046599,0.022336012275165396,0.021848379484949516,0.021703521867065326,,0.02260044372043219,0.022471727297733293,,0.021287662737974476,0.021304528200442034,0.021105345674985766,,,0.019929724361043583,0.020500349750287254,,,,0.045523699149707705,0.024940516973524895,,,,,,,0.028624729916841493,0.08290902906542248,,0.09281668243686081,0.020141969460741902,0.045523699149707705,,,,0.08290902906542248,0.02566168001914073,,,,,,,,,,,,,,,,,,,,,,,,,,,,,,,,,,,,,,,,,,
833,0.0681510118882091,0.09166042248639383,0.10456901968725006,,,0.024058374235516686,,0.02294676327879122,0.022836624466175178,0.02237642015484059,0.02290698159442631,0.022114075338812274,,0.023122443436764378,0.0229806504452482,,0.02204219235206394,0.022293376563355508,0.021883451858973946,,,0.020560008788956415,0.021883451858973946,0.02004878258755413,,,0.04495658956615067,0.024629821523490414,,,,,,,0.02826813853771855,0.08187619329362401,,0.09166042248639383,,0.04495658956615067,,,,0.08187619329362401,0.025342000710542142,,,,,,,,,,,,,,,,,,,,,,,,,,,,,,,,,,,,,,,,,,
834,0.07381685601965386,0.10010433679898814,0.10588319071702934,,,0.02287442692510188,,0.022281822299745548,0.022162149166380152,0.021699236882825584,0.02159957734969057,0.021407236070127542,,0.022366414325587197,0.022236660309341027,,0.02102479572504409,0.020639182458378407,0.020841654355996123,,,0.019671470668349123,0.020238767602370363,0.01921111739433925,,,0.03923175279171851,0.02614277608804184,,,,,,,0.030112128767077334,0.08923111051922201,,0.10010433679898814,0.02094092433114155,,,,,0.08923111051922201,0.026946965115640435,,,,,,,,,,,,,,,,,,,,,,,,,,,,,,,,,,,,,,,,,,
835,0.07360745854894844,0.09982036920591196,0.10558283015547329,,,0.02284458944889933,,0.02222885230298804,0.02211136158761569,0.02208142903365421,0.0215527568902542,0.02178647937310579,,0.022277441743753797,0.022150464616855298,,0.021414879835836897,0.021033293380387317,0.021235117077163294,,,0.02007834425720547,0.02024472306288225,0.019205431712394923,,,0.039120463443337986,0.026068616451811917,,,,,,,0.030026709203831468,0.08897798718319176,,0.09982036920591196,0.020881520872018246,,,,,0.08897798718319176,0.026870524223374586,,,,,,,,,,,,,,,,,,,,,,,,,,,,,,,,,,,,,,,,,,
836,0.07329096366654986,0.09939116492912255,0.10512884864229356,,,0.02351467764739665,,0.021740667586521257,0.022371772383947688,0.021932677924654843,0.021809095682349032,0.02163223291256795,,0.02262091003412551,0.022486698361196964,,0.021622450306869944,0.021222470394428327,0.021436177222988812,,,0.0202673350037254,0.02081062433294117,0.019786156910733606,,,0.0389522545862336,0.02595652748880659,,,,,,,0.02989760136631575,0.08859540261710624,,0.09939116492912255,0.02079173520867683,,,,,0.08859540261710624,0.026754987244219014,,,,,,,,,,,,,,,,,,,,,,,,,,,,,,,,,,,,,,,,,,
837,0.07343136049671113,0.09958968676360758,0.10533790614961827,,,0.02319773344415303,,0.021845181676971463,0.02243987845960534,0.022425719419084153,0.021046797693875033,0.022133912915876484,,0.0224375448404415,0.022307576738994195,,0.021742643987454513,0.021351236832709976,0.02156123761311253,,,0.020425866355164524,0.020543682571405583,0.01952458804426228,,,0.039013995415156905,0.025958637767110552,,,,,,,0.029783370705476812,0.08877054163661385,,0.09958968676360758,0.02081203430526221,,,,,0.08877054163661385,0.025958637767110552,,,,,,,,,,,,,,,,,,,,,,,,,,,,,,,,,,,,,,,,,,
838,0.0734156952796838,0.09956844115347202,0.10531543426363009,,,0.023592665895968094,,0.02080559763772409,0.022408649869669617,0.022436631115654568,0.02104678662844856,0.021184719822022965,,0.02249599198620922,0.02236185763742107,,0.022125794144371422,0.021771979632306176,0.02136010130663667,,,0.020766254415702075,0.020940528491783555,0.019834737513326792,,,0.0390056725037857,0.02595309997383524,,,,,,,0.029777016976460347,0.08875160409016279,,0.09956844115347202,0.020807594444255055,,,,,0.08875160409016279,0.02595309997383524,,,,,,,,,,,,,,,,,,,,,,,,,,,,,,,,,,,,,,,,,,
839,0.06080244068743752,0.08080108709865465,0.10276819084744075,,,0.02499871706837851,,0.022045548013837395,0.023744137285984356,0.023773786129174985,0.02230111113526316,0.022447264727896946,,0.023836684727174547,0.023694556378928863,,0.023444424219259283,0.02306952343777037,0.02263309841588384,,,0.022003860055375062,0.02218852033664741,,,,0.05205444061795898,0.022554519276821276,,,,,,,0.025669424040048308,0.07240398326811691,,0.08080108709865465,,0.05205444061795898,,,0.054950651970395156,0.07240398326811691,0.022554519276821276,,,,,,,,,,,,,,,,,,,,,,,,,,,,,,,,,,,,,,,,,,
840,0.07341172373894064,0.09956305483765406,0.10530973705492741,,,0.023459777193343682,,0.02062579447552808,0.022260260647947644,0.02226620952017486,0.02148833969450318,0.02104565329831382,,0.02237868383709652,0.022239958653264995,,0.021973899518991532,0.022183671654651658,0.021785939851758068,,,0.020540517518938955,0.021349513728487902,0.019571774689463143,,,0.039003562428862715,0.025951695998928173,,,,,,,0.02977540614058007,0.08874680292863561,,0.09956305483765403,0.02080646882378946,,,,,0.08874680292863561,0.025951695998928173,,,,,,,,,,,,,,,,,,,,,,,,,,,,,,,,,,,,,,,,,,
841,0.061360452726083245,0.09364718703420478,0.09966800074923385,,,0.02323848186792149,,0.020431232018138318,0.022050280323604746,0.02205617308031115,0.021285640875742577,0.020847130326122315,,0.02216758643061068,0.02203016983698643,,0.021766620429988524,0.02197441379182472,0.021580433780264297,,,0.020346759476344095,0.021148124450609686,0.01938715476689102,,,0.04503242928309521,0.020693338138219115,,,,,,,0.02346006694845441,0.07454721490565898,,0.09364718703420477,,,,,,0.08544333738804819,0.020693338138219115,0.0814972461992184,,,,,,,,,,,,,,,,,,,,,,,,,,,,,,,,,,,,,,,,,
842,0.061566135536571476,0.0939610963319327,0.10000209206699774,,,0.02306748536079535,,0.020327962086277268,0.02193610466236449,0.021889057469910884,0.021177096220331326,0.020682282961613153,,0.02206003148560496,0.02192257001096723,,0.021135205759314407,0.021852784633479012,0.02141379031885523,,,0.02023621793522936,0.020983420594717833,0.01928080241196896,,,0.04518337987434016,0.020762703075366044,,,,,,,0.023538706076586997,0.07479710029591698,,0.0939610963319327,,,,,,0.08572974703776051,0.020762703075366044,0.08177042838579933,,,,,,,,,,,,,,,,,,,,,,,,,,,,,,,,,,,,,,,,,
843,0.06162772615852307,0.09405509479897795,0.10010213393243542,,,0.02298616916035729,,0.020261103464031562,0.021861758892244888,0.02180983746136212,0.02110617918857156,0.02059375404180715,,0.02216326860435222,0.02202538018119238,,0.02105981419994363,0.02177365179644641,0.021336097895309273,,,0.02016391347178527,0.02090801344635959,0.019213555702361163,,,0.0452285812247917,0.020783474036295508,,,,,,,0.02356225414460454,0.07487192714491848,,0.09405509479897795,,,,,,0.08581551088169499,0.020783474036295508,0.0818522313363603,,,,,,,,,,,,,,,,,,,,,,,,,,,,,,,,,,,,,,,,,
844,0.05638626855791392,0.08571239069135589,0.09668619858340834,,,0.024393369564161948,,0.021503738955975286,0.023202516017872023,0.023087942179113453,0.022399827221098467,0.02179646859722923,,0.023530594116550688,0.02338355326542839,,0.02228969134781999,0.022644925213859905,0.02258350136133613,,,0.021336805978466936,0.022180991784678254,0.0203827131637982,,,0.0471714922103343,,,,,,,,0.021595404845133184,0.06857536446151918,,0.08901910265259673,,0.03735489650751726,,,,0.08169867212557706,,0.07561320070631411,0.025470369890941175,,,,,,,,,,,,,,,,,,,,,,,,,,,,,,,,,,,,,,,,
845,0.05656355958336127,0.08598188959645911,0.09699020159215242,,,0.024190318462973186,,0.021286721885376236,0.02301589053886831,0.022880050597723415,0.022172778902853657,0.021588486939109645,,0.023672751984664484,0.02351380314666308,,0.022090297213021616,0.022441446713695756,0.0223792171858783,,,0.021145732708324257,0.02198150457430935,0.02020295392894023,,,0.047319809920296996,,,,,,,,0.021663305622536322,0.06879098072761987,,0.08929899859884952,,0.037472348647491646,,,,0.08195555100281565,,0.07585094550187206,0.025550454424143616,,,,,,,,,,,,,,,,,,,,,,,,,,,,,,,,,,,,,,,,
846,0.05209032814948249,0.0783259171444145,0.09599174178914098,,,0.024932759706239777,,0.021940046904054246,0.023722286629218294,0.023582277533585282,0.02285329849008057,0.022251073630882665,,0.02439930824897899,0.024235481005880022,,0.022768285299539292,0.023130212164399526,0.023066072708522564,,,0.02179473053387094,0.022656153633188028,0.020823016300405863,,,0.051929762295859494,,,,,,,,,0.06286688142187444,,0.08116664192137082,,0.043046479677536414,,,0.044963670103106625,0.07459088881715384,,0.07036954492847233,0.022503140962742016,,,,,,,,,,,,,,,,,,,,,,,,,,,,,,,,,,,,,,,,
847,0.052159272577096565,0.07842958582373964,0.09611879216352794,,,0.024863324785566836,,0.02187894635063407,0.023656222739392718,0.023516603553282903,0.02278965463410675,0.022189106903145687,,0.024331358930383566,0.024167987927659212,,0.022704878195702462,0.023065797135108507,0.023001836300374306,,,0.021734034670134333,0.022593058803381423,0.02076502655109512,,,0.05199849420569406,,,,,,,,,0.06295008921321481,,0.08127407045690561,,0.0431034540719701,,,0.04502318200500504,0.07468961398010475,,0.07046268290953162,0.022532925113241953,,,,,,,,,,,,,,,,,,,,,,,,,,,,,,,,,,,,,,,,
848,0.06598124078504165,0.08926339659565732,0.101428204991208,,,0.02461072090826067,,0.02165666285768979,0.023415882654632306,0.02327768195732323,0.022558118619808873,0.02196367227257893,,0.024084159665645217,0.023922448463011295,,0.02247420348443746,0.022831455596326523,0.022768144584373023,,,0.0215132234361368,0.022363520143400865,,,,0.04283371462788818,0.023376542635015766,,,,,,,0.026696052148786176,0.0798940897043035,,0.09343479650276135,,0.04283371462788818,,,,0.08406548961140756,0.023376542635015766,,0.0293763204914016,,,,,,,,,,,,,,,,,,,,,,,,,,,,,,,,,,,,,,,,
849,0.059402191973142726,0.0793796322410611,0.1002711422162634,,,0.025522235005458523,,0.022464642678953244,0.024283458306198127,0.024144946473144836,0.023393704250714294,0.022775310711331147,,0.024979403590381304,0.02481139173363055,,0.02330495857825499,0.0235410486261991,0.023609459515155078,,,0.02232047141198765,0.02318917610701633,,,,0.04995630936276353,0.021679032628284356,,,,,,,0.024647189035777558,0.07124669066792812,,0.08279959233589541,,0.04995630936276353,,,0.052675912984015985,0.07466665076276241,,,0.024979139440916648,,,,,,,,,,,,,,,,,,,,,,,,,,,,,,,,,,,,,,,,
850,0.059815888343886424,0.0799324580658041,0.1009694633765995,,,0.025179384791888585,,0.02215213233909602,0.02395257340339013,0.023780955936092505,0.023164150960087372,0.02241540739657827,,0.025157155553857533,0.024982928258206083,,0.022962091238557313,0.0233442858050128,0.022437134073117537,,,0.021974177100315153,0.0220208842140081,,,,0.05030422150527283,,,,,,,,0.024818840153597335,0.07174287601694936,,0.083376235885748,,0.05030422150527283,,,0.053042765339177386,0.07518665383689324,0.02183001253023158,,0.025153102370360055,,,,,,,,,,,,,,,,,,,,,,,,,,,,,,,,,,,,,,,,
851,0.05988225714589949,0.08002114723569972,0.10108149418496405,,,0.025117927772736415,,0.022097348946744203,0.023893662515799774,0.02372413175450383,0.023106930646148976,0.022362331431870035,,0.025070647455901065,0.024908591900990634,,0.022907136645747395,0.023288452085389728,0.022383534026889525,,,0.021921592391560076,0.02196819676264393,,,,0.05036003662413073,,,,,,,,0.024846377932170115,0.07182247842470502,,0.0834687461041081,,0.05036003662413073,,,0.0531016190131508,0.07527007729311339,0.02185423405096253,,0.025181011030039828,,,,,,,,,,,,,,,,,,,,,,,,,,,,,,,,,,,,,,,,
852,0.05992154894530655,0.08007365318680053,0.1011478189025445,,,0.02507977195441403,,0.022063816327073618,0.0238573868771555,0.023688067354647596,0.023071857305172656,0.022328252349654718,,0.02503383978032588,0.024872020863755923,,0.022872321994966822,0.023253056818115722,0.022349509025971395,,,0.02188827484081793,0.021934807918671757,,,,0.05039308040957702,,,,,,,,0.024862680906443852,0.07186960481154622,,0.08352351420045241,,0.05039308040957702,,,0.053136461690462926,0.0753194658251981,0.021868573727211432,,0.0251975335741358,,,,,,,,,,,,,,,,,,,,,,,,,,,,,,,,,,,,,,,,
853,0.06869482384097475,0.093160154970643,0.10581593234087629,,,0.02317882806139523,,0.020482718464142246,0.022143900638532308,0.021882094504101394,0.021418314324429196,0.020613345897024144,,0.023232987453069332,0.023081171269193672,,0.021215125033690545,0.021476322144236143,0.020130465936992435,,,0.020214872761272384,0.019744103028638302,0.01928097138818192,,,0.044253348809808024,0.023062259614784742,,,,,,,0.023062259614784742,0.08333737907796775,,0.09758200655685853,,0.044253348809808024,,,,0.08775923066418327,,,0.03092403479441156,,,,,,,,,,,,,,,,,,,,,,,,,,,,,,,,,,,,,,,,
854,0.05966730929612502,0.0799864134420839,0.10089281609936956,,,0.025150893645114168,,0.02223396956399533,0.024029803101631848,0.023749833604498935,0.023315134521062087,0.022365464299852655,,0.025208512061105665,0.02504351776920619,,0.02301839764708315,0.023143699601003175,0.021840825466906067,,,0.02194714556447511,,,,,0.05008896684232471,0.02174371591778105,,,,,,,0.024715200422322642,0.07342056746014203,,0.08341898381242958,,0.05008896684232471,,,0.0528031709802849,0.07526493925506357,0.02174371591778105,,0.02511803686603296,,,,,,,,,,,,,,,,,,,,,,,,,,,,,,,,,,,,,,,,
855,0.052129901128190596,0.07192585474760267,0.09626951923561321,,,0.02425663614297798,,0.021437286527304825,0.02317573187323728,0.02292130902228341,0.022487228282604105,0.021786467365401338,,0.024292185309600346,0.02413379365890607,,0.02221739771492596,0.0223261976065511,0.021085084586815114,,,0.021187344593749557,0.020669405122668016,,,,0.04180294462198038,,,,,,,,0.02069858442236881,0.064340352522882,,0.08454202102392794,,0.04180294462198038,,,0.04369336069202343,0.07792008587984747,,,0.03497827741671048,0.07792008587984747,,,,,,,,,,,,,,,,,,,,,,,,,,,,,,,,,,,,,,,
856,0.05231088039902558,0.07217555959001921,0.09660373792810704,,,0.023877867134434547,,0.02159860866576117,0.022535810263165697,0.02296235086667572,0.02247977655373806,0.021817658377906175,,0.02432140068451673,0.024164266110161026,,0.02185028872143035,0.021953652744507578,0.02073779897201321,,,0.020889269084634694,0.0203292743947523,,,,0.04194807181909203,,,,,,,,0.020770443655457802,0.06456372279278187,,0.08483552538493186,,0.04194807181909203,,,0.04384505084272845,0.07819060088219243,,,0.035099711430682114,0.07819060088219242,,,,,,,,,,,,,,,,,,,,,,,,,,,,,,,,,,,,,,,
857,0.04868645325224218,0.057098955295656596,0.0823395295162525,,,0.017498176248439117,,,0.01651851093177432,0.01650724866490274,,,,0.017878125458161104,0.017760553967096474,,,,,,0.061640711605135484,,,,,,0.04285607393695212,0.018521148705351858,,,,,,,0.021115285579952667,0.04916912915893163,,0.06688163821567256,,0.04285607393695212,,,0.04532661262423131,0.06006248177503013,0.018521148705351858,,0.020676035536114287,,0.05475710477390785,0.05475710477390784,0.05475710477390784,0.03793826418802519,0.03793826418802519,0.03793826418802519,,,,,,,,,,,,,,,,,,,,,,,,,,,,,,,,,
858,0.04935138275324182,0.05787877755248925,0.08346407194266686,,,0.017884953786106023,,,,0.016564140426691784,,,,0.018024392980487965,0.01790275848940279,,,0.016550031764284066,,,0.06007949221682278,,,,,,0.04344137571915554,0.018774099112373398,,,,,,,0.021403665105801505,0.04984065074927728,,0.06779506631228045,,0.043441375719155545,,,0.04594565549757607,0.060882778045710545,0.018774099112373398,,0.020958416056224283,,0.05337023153064416,0.053370231530644185,0.05337023153064416,0.03697737402198208,0.036977374021982076,0.036977374021982076,,,,,,,,,,,,,,,,,,,,,,,,,,,,,,,,,
859,0.04795355139126129,0.05623941577694409,0.08110003083882575,,,0.018368612552961683,,,,0.01701190251643243,,,,0.018513470232233906,0.018388483234048847,,,0.016996407004689087,,,0.06264338131699657,,,,,,0.04221093973134473,0.01824234046513504,,,,,,,0.020797426482340595,0.0484289613328489,,0.06587483501191979,,0.04221093973134473,,,0.0446442881473969,0.05915833078995045,0.01824234046513504,,0.020364788692077085,,0.05564780329175925,0.05564780329175925,0.05564780329175927,0.03855538147027843,0.03855538147027843,0.03855538147027843,,,,,,,,,,,,,,,,,,,,,,,,,,,,,,,,,
860,0.0479787547203839,0.056268973973665,0.08114265522658813,,,0.018338592159491695,,,,0.01698409943627361,,,,0.018483213093363766,0.01835843036530817,,,0.016968629249325937,,,0.06261593161560536,,,,,,0.04223312487041698,0.01825192823699698,,,,,,,0.02080835715106752,0.0484544145269529,,0.06590945737250693,,0.04223312487041698,,,0.044667752200735565,0.05918942310403326,0.01825192823699698,,0.020375491975922134,,0.05562341898249431,0.05562341898249431,0.05562341898249431,0.03853848688882172,0.03853848688882173,0.03853848688882172,,,,,,,,,,,,,,,,,,,,,,,,,,,,,,,,,
861,0.04923852382410129,0.05824983744247676,0.0968824383627785,,,0.025201221230259252,,0.02227977816317461,0.023293610563745168,0.02380659227685081,0.0222540934214104,0.021558894620447418,,0.02529195322968005,0.025124674797327867,,0.02307977313381736,0.02334743134935778,0.02189818779996015,,,0.022043652009107288,0.021462335583199696,0.02100602005394293,,,0.05792996339307564,,,,,,,,,0.05108818381197976,,0.07721905682090258,,0.05792996339307564,,,0.06054718005254765,0.07096678205241562,,,0.02155335435868568,,,,,,,,0.07674649825568011,,,,,,,,,,,,,,,,,,,,,,,,,,,,,,,,
862,0.04791517076982188,0.05668429293983981,0.09427858957211545,0.029054616261131632,0.027340937168104342,0.022932585105232918,0.026633994871260284,,0.02115309589324941,0.021215041501533864,,,0.025643787077404293,0.02278161174889727,0.022640051722363632,,,,,0.024635534350735195,0.023944169196130755,,,,0.023168532715722574,,0.056373015945496055,,,,,,,,,0.04971511860135947,,0.07514368845572633,,0.056373015945496055,,0.024228830229837687,0.05891989130732082,0.06905945217150891,,,,,0.022567386622401583,0.02291375927537169,,,,,0.07468383055193813,,,,,,,,,,,,,,,,,,,,,,,,,,,,,,,,
863,0.047208250228892704,0.05584799641029771,0.09288764239468546,0.02987687981382973,0.028114702545966725,0.023402392883408316,0.027387753346283853,,,0.021685753286540446,,,0.02636952206138714,0.023254090777289682,0.02310868792026948,,,,,0.025332735160953797,0.024621803946239418,,,,0.02382421647524679,,0.05554131186752377,,,,,,,,,0.04898164237724537,,0.07403504966686092,,0.05554131186752377,,0.024914521062697086,0.05805061168741612,0.06804057767933859,,,,,0.023206057576871286,0.023562232789463202,,,,,0.07358197631570758,0.021622279858061023,,,,,,,,,,,,,,,,,,,,,,,,,,,,,,,
864,0.060296368901428886,0.07090798458295998,0.10249177066921931,0.02885857210409274,0.02822492323903817,0.023376038758606596,0.026307338654247402,,0.02147969785906871,0.021793820450098672,,,0.025229342311970854,0.022963727576451272,0.02287941540377971,,,,,0.02537404683415747,0.022998964710014672,,,,0.022544902722943405,,0.052763211912220984,,,,,,,,,0.06092613186185917,,0.08327630479596644,,0.052763211912220984,,0.02372722204367905,0.055914482177959156,0.07471220476123341,,,0.02615439311238041,,0.02189812343035863,0.022137799214043876,,,,,,,,,,,,,,,,,,,,,,,,,,,,,,,,,,,,,
865,0.06357062589228918,0.07421742446156576,0.10827561461793962,0.027135746082380934,0.02653686270191697,0.02189775095820154,0.02470800831717478,,0.020114028895367883,0.02041105095223798,,,0.023704988688897744,0.021507743845577146,0.021428911885721345,,,0.01979091074438622,,0.02382807378344623,0.022073526375220347,,,,0.021213038420541435,,0.05678804397892964,,,,,,,,,0.06357062589228918,,0.08333689985747708,,0.056788043978929635,,0.022302101119054386,0.060266687098639284,0.07421742446156576,,,,,0.02104595730204882,0.021269909688201118,,,,,,,,,,,,,,,,,,,,,,,,,,,,,,,,,,,,,
866,0.06358684832813838,0.07423636382845604,0.10830324521284909,0.027055270896165617,0.02615418315394269,0.022102217535134163,0.024641289186595278,,0.02030902205164878,0.020606386038664635,,,0.023498787142446,0.021702146529901732,0.021622462499418134,,0.01991258127819074,,,0.023761802306448147,0.022000314427145,,,,0.021028309581065614,,0.05680253558393617,,,,,,,,,0.06358684832813838,,0.0833581664014639,,0.05680253558393617,,0.022238847218017912,0.06028206641025651,0.07423636382845605,,,,,0.02097392072545105,0.021197485924133657,,,,,,,,,,,,,,,,,,,,,,,,,,,,,,,,,,,,,
867,0.06393981799330856,0.07464844879842912,0.10890443494319,0.027082739931725497,0.02618058664334465,0.021603255284854007,0.024667069953801187,,0.019217854177298085,0.020114257115571802,,,0.023524255388562912,0.021045349791759177,0.020969845485891488,,0.019377475011285433,,,0.023786614770010074,0.02202547763980782,,,,0.02116553437698915,,0.05711784562827763,,,,,,,,,0.06393981799330856,,0.08382088636412172,,0.05711784562827763,,0.022263760712547126,0.06061669127932995,0.07464844879842912,,,,,0.02099870294865526,0.021222983341224102,,,,,,,,,,,,,,,,,,,,,,,,,,,,,,,,,,,,,
