threshold,IRC15,PDX1,PDB1,HSP82,HSC82,PGI1,AHA1,TAL1,TKL1,SOL4,GAD1,PGM2,MAE1,PKP1,RPS8B,RPS8A,RPS13,YTM1,NOP7,PWP2,MLS1,DAL7,ACS1,RPS2,RPF2,PTC5,RPS20,AIM22,ACS2,RPS3,RPS5,RPL5,NOP14,KGD2,NQM1,LPD1,TKL2,TPI1,LSC1,ASC1,KGD1,HSP104,BTN2,SIS1,TFS1,HSP78,MDH1,PYC1,DCS2,CIT3,IDH2,CYT1,QCR2,RIP1,MRPS28,MRP17,MRPS9,IDH1,ATP4,ATP2,ATP18,ATP16,QCR8,ACO1,ATP6,ATP15,TOM40,TOM22,TOM70,RPN10,RPT5,RPT2,GPM1,RPS15,PYC2,TIM8,RPT1
800,0.2619877401243107,0.2619877401243107,0.2619877401243107,0.02897168239183536,0.02838853341957582,0.026508738990403877,0.02580726392761229,0.025784427095871355,0.025624865357688143,0.01780724349629335,0.017626763463481188,0.017517261484306546,,,,,,,,,,,,,,,,,,,,,,,,,,,,,,,,,,,,,,,,,,,,,,,,,,,,,,,,,,,,,,,,,
801,0.2624809748438767,0.2624809748438767,0.2624809748438767,0.028555278439009617,0.0279770917412187,0.0263723082430348,0.025484430710684253,0.025660218262415296,0.025501748493212822,0.01777982537746105,0.017743491013534264,0.017482683187799046,,,,,,,,,,,,,,,,,,,,,,,,,,,,,,,,,,,,,,,,,,,,,,,,,,,,,,,,,,,,,,,,,
802,0.2625064072176062,0.2625064072176062,0.2625064072176062,0.0284733110332947,0.027901550811973846,0.02647236763197654,0.02523071445907925,0.02575757590497687,0.02559850488433573,0.017793002583385564,0.017758447908174504,0.017495303129984402,,,,,,,,,,,,,,,,,,,,,,,,,,,,,,,,,,,,,,,,,,,,,,,,,,,,,,,,,,,,,,,,,
803,0.2137478983107659,0.21374789831076588,0.24802598305142448,,,0.026803499916575237,,0.02607976714505457,0.025918706368483375,,,,0.1509493030511317,0.07807957796317451,0.003196894454117211,0.003193106476482574,0.0031897507134012607,0.0023643648229888744,0.0023631782192357394,0.002340071196398714,,,,,,,,,,,,,,,,,,,,,,,,,,,,,,,,,,,,,,,,,,,,,,,,,,,,,,,,,
804,0.26106296589897454,0.26106296589897454,0.26106296589897454,,,0.022673606097482698,,0.022065218515306583,0.021927943734592333,,,,,0.09187869214154981,0.002627238200596675,0.0026242323174927766,0.0026266505026105837,,,,0.01740798052923916,0.016668394228325608,0.016311146035879943,,,,,,,,,,,,,,,,,,,,,,,,,,,,,,,,,,,,,,,,,,,,,,,,,,,,,,
805,0.19999340967952714,0.19999340967952714,0.2315468487305295,,,0.032580103789386375,,0.03169060710815531,0.031492863365860574,,,,0.14374732181306835,0.10939331902924977,0.003907312885856037,0.003903163184345263,,0.0026316407885349064,0.0026245485029529818,,,,,0.0039011055102849746,0.0025943459327217003,,,,,,,,,,,,,,,,,,,,,,,,,,,,,,,,,,,,,,,,,,,,,,,,,,,,
806,0.21767006377728346,0.21767006377728346,0.21767006377728346,,,0.029401010901896545,,0.028598309296305118,0.02841986094142655,,,,,0.12143345867754778,0.0035319642822207974,0.0035319642822207965,,0.002383441325940754,0.0023772621749764172,,,,,,0.0023493849932181075,0.12143345867754778,0.003529693114849125,,,,,,,,,,,,,,,,,,,,,,,,,,,,,,,,,,,,,,,,,,,,,,,,,,
807,0.19995271035830292,0.19995271035830292,0.23149972817995712,,,0.03266358045126198,,0.031771804703819864,0.03157355430299451,,,,0.14371806875700532,0.10937105712652966,0.003921459905677582,0.003921459905677583,,0.0025926741660121434,0.002586363518333102,,,,,,0.0025558918466260694,,0.003918936419499165,,,,,,,,,,,,,,,,,,,,,,,,,,,,,,,,,,,,,,,,,,,,,,,,,,
808,0.20025038184631533,0.20025038184631533,0.231844364011291,,,0.03197321772859967,,0.03111529911853557,0.030921720892224676,,,,0.14393202320305662,,0.00401881861473422,0.00401881861473422,0.004009740938451745,0.0027231532457659517,0.002724134930134311,,,,,,0.0026840661578045846,0.10953387885203668,,,,,,,,,,,,,,,,,,,,,,,,,,,,,,,,,,,,,,,,,,,,,,,,,,,
809,0.16209381917397137,0.19407892141939834,0.21664947015385713,,,0.02788305323728146,,0.02711926911433067,0.026948912932685743,,,,0.11438272152535052,,0.0030408005793356487,0.0030408005793356487,0.003033931286396903,,,,0.020527676198236432,,0.020052824118589434,,,,,0.16209381917397137,0.019053980507259323,,,,,,,,,,,,,,,,,,,,,,,,,,,,,,,,,,,,,,,,,,,,,,,,
810,0.16217621350638275,0.19417757418263729,0.21675959581164944,,,0.0290549524419422,,0.02774994459946231,0.027595247086536528,,,,0.11444086370515417,,,,,,,,0.019724018019989773,,0.019260082327531958,,,,,0.16217621350638275,0.018284220687286266,0.0028723394386599914,0.0028710602617815395,0.0028576744246029454,,,,,,,,,,,,,,,,,,,,,,,,,,,,,,,,,,,,,,,,,,,,,
811,0.1623479989963825,0.1943832571802035,0.2169891988623902,,,0.0280572607349401,,0.02679785315951004,0.026647443805421247,,,,0.11456208542702408,,,,,,,,0.02044202994349072,,0.019961205635407805,,,,,0.1623479989963825,0.018949819778307637,0.002843744773475351,0.0028393988586110424,0.0028307038484532954,,,,,,,,,,,,,,,,,,,,,,,,,,,,,,,,,,,,,,,,,,,,,
812,0.1674830638929845,0.20053159683701358,0.2238525641327246,,,0.03567813443358528,,0.034140112936111466,0.03394780825907107,,,,0.11818568255784516,,,,,0.0022121367204931464,0.002219585084052649,0.0021878131139482183,,,,,,,,0.1674830638929845,,0.004038488964863226,0.004020209839032494,0.00401973933529008,,,,,,,,,,,,,,,,,,,,,,,,,,,,,,,,,,,,,,,,,,,,,
813,0.1675492953274023,0.20061089736445725,0.22394108697244336,,,0.03557547247701151,,0.034041876555557564,0.033850125225117746,,,,0.1182324192672264,,,,,0.002211180554436551,0.0022186584917153803,0.002186204445153668,,,,,,,,0.1675492953274023,,0.004024865809167042,0.004002435042927201,0.004006187139981793,,,,,,,,,,,,,,,,,,,,,,,,,,,,,,,,,,,,,,,,,,,,,
814,0.19944612897049915,0.19944612897049915,0.2309132222337889,,,0.03448071277818467,,0.03299431001797905,0.03280845942796925,,,,0.14335395817009233,0.10909396489904524,,,,0.00204936959242553,0.002075653779809023,,,,,,,,,,,0.003781114814748441,0.003764704888632895,0.0037556728700746584,0.0020365985862518168,,,,,,,,,,,,,,,,,,,,,,,,,,,,,,,,,,,,,,,,,,,,
815,0.20030138262659208,0.20030138262659208,0.23190341130677344,,,0.03317756297058154,,0.03175126562967399,0.03157256128379531,,,,0.1439686805388504,0.10956177549441354,,,,0.002115823226095802,0.0021428274081118147,,,,,,,,,,,0.0037145436449733766,0.003698197573668193,0.0036880708377717893,0.0021025148321066403,,,,,,,,,,,,,,,,,,,,,,,,,,,,,,,,,,,,,,,,,,,,
816,0.20020126164400426,0.20020126164400426,0.23178749399706225,,,0.033337678175472556,,0.031908872052152704,0.03172944152389126,,,,0.14389671755203318,0.10950701085688218,,,,0.002102190123321912,0.0021285599805397296,0.002088776638321577,,,,,,,,,,0.003715997412573897,0.0037020959103518077,0.0036926424893884867,,,,,,,,,,,,,,,,,,,,,,,,,,,,,,,,,,,,,,,,,,,,,
817,0.23277082821165443,0.2327708282116544,0.2704106358812531,,,0.02949158919801635,,0.028234638475414332,0.028076146258604873,,,,0.16273140110255144,,,,,0.001873167849622992,0.001900232317527262,0.001856233925954064,,,,,,,,,,0.003306469332986867,0.0032927898441653487,0.00328503939059454,,,,,,,,,,,,,,,,,,,,,,,,,,,,,,,,,,,,,,,,,,,,,
818,0.23212615590921093,0.23212615590921093,0.26966171794949123,,,0.030137091783149158,,0.028857957441489866,0.02869616927099539,,,,0.1622807070536681,,,,,0.001869491148171244,0.0018968199881054645,0.001852539791852855,,,,,,,,,,0.0035103753115968877,0.0034971191106665223,0.003487699332391396,,,,,,,,,,,,,,,,,,,,,,,,,,,,,,,,,,,,,,,,,,,,,
819,0.2327033277193736,0.2327033277193736,0.27033222033760357,,,0.02941122568037655,,0.02816289989404117,0.028005008468117678,,,,0.16268421112703618,,,,,0.001927433652828701,0.0019555190336614007,0.0019096495873998458,,,,,,,,,,0.0034132268862352186,0.0034005581105794724,0.003391391783372997,,,,,,,,,,,,,,,,,,,,,,,,,,,,,,,,,,,,,,,,,,,,,
820,0.15717652149073744,0.18359226409011312,0.19754154259935472,,,0.03488954635736595,,0.03340869952477363,0.03322139824450553,,,,,,,,,0.0024198949408155692,0.002455628742521233,0.002397549852545153,,,,,,,,0.15717652149073744,,0.004064546608479299,0.004049453663120656,0.004014168304817035,,0.18359226409011312,,,,,,,,,,,,,,,,,,,,,,,,,,,,,,,,,,,,,,,,,,,
821,0.11809859091683267,0.13613748043503254,0.18559370734447087,0.04393567612197732,0.04269535847115168,0.036285635576940124,0.038506398176480015,0.03531319138699751,0.03509336011989632,0.024931841342733373,0.024572658544000404,0.02460003021162205,,,,,,,,,,,,,,,,0.11809859091683267,,,,,,0.13613748043503254,,,,,,,,,,,,,,,,,,,,,,,,,,,,,,,,,,,,,,,,,,,
822,0.15213704468200584,0.1767216054064017,0.21035721175098387,,,0.03861946628375183,,0.03766560322373448,,,,,,,,,,0.0025417062258788425,0.002579089835029856,0.002517252315426631,,,,,,,,0.15213704468200584,,0.0034796557196188774,0.003460630395982973,0.0034421004280778757,,0.1767216054064017,0.03761998364469956,,,,,,,,,,,,,,,,,,,,,,,,,,,,,,,,,,,,,,,,,,
823,0.14464222149973,0.16673549994653264,0.2273074210138508,,,0.04370409553526087,,0.04258488150918394,,,,,,,,,,0.0029859573921335518,0.003029945246648682,0.0029567850669395233,,,,,,,,0.14464222149973,,0.004066049646840255,0.004044180683414475,0.00402282321530936,,0.1667354999465326,0.042542417797893375,,,,,,,,,,,,,,,,,,,,,,,,,,,,,,,,,,,,,,,,,,
824,,0.16558901373370621,0.20923519786298284,,,0.047569383309461304,,0.04636327728610979,,,,,,,,,,0.003229551460069341,0.003276413241657874,0.0031973639847027364,,,,,,,,0.1483305127972324,,0.004323112968900242,0.004299810610370822,0.004277286331631429,,0.16558901373370621,0.046389549882236605,0.1483305127972324,,,,,,,,,,,,,,,,,,,,,,,,,,,,,,,,,,,,,,,,,
825,,0.16578772155776172,0.2094862813735715,,,0.04678966045802545,,,,,,,,,,,,0.0033595912236178034,0.00340525839483225,0.003326183417671794,,,,,,,,0.14850851031514964,,0.004414247596953003,0.004397599852030474,0.004374927889661841,,0.16578772155776172,0.046012476319721836,0.14850851031514964,0.04584130972809117,,,,,,,,,,,,,,,,,,,,,,,,,,,,,,,,,,,,,,,,
826,,0.1655796610071787,0.20924158105034074,,,0.045389761908470314,,,,,,,,,0.006026780324818564,0.006014985415068747,0.006011810177831768,0.0034792699422852564,0.003526412036393547,0.003444799511027211,,,,,,,,0.14828796090149227,,,,,,0.1655796610071787,0.0446443210194621,0.14828796090149227,0.04448503479695975,,,,,,,,,,,,,,,,,,,,,,,,,,,,,,,,,,,,,,,,
827,,0.16981036059437124,0.21458787941324664,,,0.040274013754729346,,0.038473190026547165,,,,,,,0.004782732062960214,0.0047735847899289365,0.0047705332489885064,0.0033807947752665895,0.0034284103668294425,0.0033468792564837115,,,,,,,,0.1520768430090862,,,,,,0.16981036059437124,,0.1520768430090862,0.03840757509810461,,,,,,,,,,,,,,,,,,,,,,,,,,,,,,,,,,,,,,,,
828,,0.1666158415199021,0.21055099337439667,,,0.04412185044613912,,0.042978444210813316,,,,,,,0.005772928066041166,0.005774907186429866,0.005757877654866208,0.00340754180748386,0.003455233055022231,0.0033729969530763735,,,,,,,,0.1492159317308984,,,,,,0.1666158415199021,,0.1492159317308984,0.04314368074413024,,,,,,,,,,,,,,,,,,,,,,,,,,,,,,,,,,,,,,,,
829,,0.16538733820759136,0.20896696767391068,,,0.04560157486863586,,0.04441613431422423,,,,,,,0.006084901997267207,0.006086728331829585,0.006068493954103108,0.003685629945486456,0.0037373186658503344,0.0036477027021345402,,,,,,,,0.14817437150290466,,,,,,0.16538733820759138,,0.14817437150290466,0.044581128125565986,,,,,,,,,,,,,,,,,,,,,,,,,,,,,,,,,,,,,,,,
830,,0.17768594005255706,0.1879445221550818,,,0.03894040800005404,,0.037897087702184515,,,,,,,0.0051982147811263715,0.005199772780721767,0.005184194212445718,0.003171910136931577,0.003216531456543789,0.003138392007744426,,,,,,,,0.15838796962621512,,,,,,0.17768594005255706,0.037961147409621546,0.15838796962621512,,,,,,,,,,,,,,,,,,,,,,,,,,,,,,,,,,,,,,,,,
831,,0.17783334920100954,0.18810044187477937,,,0.038811976404026075,,0.037772097140750326,,,,,,,0.0051673840494789736,0.00516937488944921,0.005152989737888494,0.0030908855492481537,0.003134705282034418,0.0030587629382170453,,,,,,,,0.15851936908146078,,,,,,0.17783334920100954,0.03783594556918721,0.15851936908146072,,,,,,,,,,,,,,,,,,,,,,,,,,,,,,,,,,,,,,,,,
832,,0.17178439808351276,0.19597690713048746,,,0.04289344282981238,,0.041744451223733874,,,,,,,0.005717314039347726,0.005719519111333907,0.005701382493690643,0.003313991451006032,0.003361569292208879,0.0032791201143094304,,,,,,,,0.15344738984159026,,,,,,0.17178439808351276,0.041828726463863646,0.15344738984159026,,,,,,,,,,,,,,,,,,,,,,,,,,,,,,,,,,,,,,,,,
833,,0.17094982374830434,0.19502479914623902,,,0.04486969101460153,,,,,,,,,0.005645034465059638,0.0056474727485733124,0.005629297039553403,0.003293781523151392,0.003343985562546899,0.0032586405249537,,,,,,,,0.15270190157376606,,,,,,0.17094982374830434,0.043124148055631764,0.15270190157376606,0.04285969927554859,,,,,,,,,,,,,,,,,,,,,,,,,,,,,,,,,,,,,,,,
834,,0.17679464584928964,0.18700070149607362,,,0.04039861145426143,,0.039352010195827396,,,,,,,0.0052366370549411815,0.005238187182115594,0.005222146261592562,0.003092688345813388,0.003135009069622205,0.0030505087350447776,,,,,,,,0.15759140000759825,,,,,,0.17679464584928964,0.03950140849093204,0.15759140000759825,,,,,,,,,,,,,,,,,,,,,,,,,,,,,,,,,,,,,,,,,
835,,0.1766561872599917,0.1868542499267826,,,0.04042900365593293,,0.03933930846229309,,,,,,,0.00533216881771124,0.005333630427537033,0.005317113140476492,0.0032402657690657577,0.003284697254531813,0.003195927558966375,,,,,,,,0.15746798064257328,,,,,,0.17665618725999166,0.03942529918157269,0.15746798064257328,,,,,,,,,,,,,,,,,,,,,,,,,,,,,,,,,,,,,,,,,
836,,0.17630919354740487,0.18648722485452007,,,0.04171249884731875,,,,,,,,,0.005199396031466947,0.005200717016386749,0.005184302603192691,0.003088162216803246,0.0031306807215375158,0.003045250359893358,,,,,,,,0.15715867701690237,,,,,,0.17630919354740487,0.04012705161740656,0.15715867701690237,0.039888974602859506,,,,,,,,,,,,,,,,,,,,,,,,,,,,,,,,,,,,,,,,
837,,0.17633647030685823,0.1865144390305131,,,0.04107459886254114,,,0.03973271821884748,,,,,,0.0053654117612283985,0.005366885869058471,0.00534977799583644,0.003280778623540237,0.003318983985359301,0.0032353404117954846,,,,,,,,0.15717976919221152,,,,,,0.17633647030685823,0.03972858624314032,0.15717976919221152,,,,,,,,,,,,,,,,,,,,,,,,,,,,,,,,,,,,,,,,,
838,,0.17627987359262495,0.18645457560924908,,,0.0417693810777238,,,,,,,,,0.005326567901183937,0.005328270241611184,0.005311039449598616,0.003148614545035072,0.0031879358529599095,0.0031047478313256096,,,,,,,,0.1571293209867737,,,,,,0.17627987359262495,0.03982778657302885,0.1571293209867737,,0.039722691759486554,,,,,,,,,,,,,,,,,,,,,,,,,,,,,,,,,,,,,,,
839,,0.16251211886540354,0.20669370977881116,,,0.050278958187018774,,,,,,,,,0.006421034490190562,0.006423087318797896,0.006402205650570157,0.003927463553648963,0.003955899232965859,,,,,,0.003869601357617054,,,0.14562334688431214,,,,,,0.16251211886540354,0.04794180723100985,0.14562334688431214,,0.04781530169993833,,,,,,,,,,,,,,,,,,,,,,,,,,,,,,,,,,,,,,,
840,,0.17626338752425494,0.18643713798112535,,,0.04153247211433644,,,,,,,,,0.005425118525794634,0.005427106697578097,0.005409202432366485,0.0033336391524003504,0.0033574013755586084,,,,,,0.00328394093065546,,,0.15711462591877795,,,,,,0.17626338752425494,0.03961853749759723,0.15711462591877795,,0.039419416406521676,,,,,,,,,,,,,,,,,,,,,,,,,,,,,,,,,,,,,,,
841,,0.17487643307206469,0.18611967977301555,,,0.043395460640880026,,,,,,,,,0.0053782887707378175,0.005369660294124458,,0.0034388634262193726,0.003463457067484039,,,,,,0.0033949528599507626,,,,,,,,,0.17487643307206469,0.04139567420627347,0.1595565926260791,,0.04118762130138619,0.15218767559253701,0.005359207297182763,,,,,,,,,,,,,,,,,,,,,,,,,,,,,,,,,,,,,
842,,0.17505366660962804,0.18630830810146928,,,0.042975742615923615,,,0.04086793047533266,,,,,,,,,0.0038984560355785096,0.003913686459490805,,,,,,0.0038234688789168443,,,,,0.004999103710030024,0.0049764524736833895,0.004970492027641933,,0.17505366660962804,0.04109881161280779,0.15971829983188096,,,0.1523419145579881,,,,,,,,,,,,,,,,,,,,,,,,,,,,,,,,,,,,,,
843,,0.17510026867943346,0.18635790633581434,,,0.04279283758622297,,,,,,,,,,,,0.003803143114410029,0.003832963373576972,,,,,,0.0037441477121119547,,,,,0.004970490477068756,0.004948158256104443,0.0049415057897492535,,0.17510026867943346,0.04126086200573047,0.1597608193831827,0.04100415820893268,,0.15238247039822853,,,,,,,,,,,,,,,,,,,,,,,,,,,,,,,,,,,,,,
844,,0.1661690120673009,0.18744372860863523,,,0.04729097028766162,,,,,,,,,0.005815911178061685,0.00580769945420124,,0.0044052655362496135,0.004435351609998504,,,,,,0.004327193099668406,,,,,,,,,0.17257967282893016,0.04561832363052031,0.1583876907972722,0.04533325827687137,,0.14658990093811355,0.005796021686515203,,,,,,,,,,,,,,,,,,,,,,,,,,,,,,,,,,,,,
845,,0.16612644055593762,0.18739570664158406,,,0.046738348285076635,,,,,,,,,0.005920985955703389,0.005920985955703389,,0.0044793648573203835,0.004504449683214503,,,,,,0.0044001431828738415,,,,,,,,,0.172535458944455,0.04573835308613376,0.15834711281408098,0.04543124649878608,,0.146552345478429,0.005909058060701496,,,,,,,,,,,,,,,,,,,,,,,,,,,,,,,,,,,,,
846,,0.15961045364838317,0.19560939740053623,,,0.05080730915773056,,,,,,,,,0.006454191283623852,0.006454191283623852,,0.004929235324346233,0.004957771757325807,,,,,,0.0048336439742674596,,,,,,,,,0.16539920642486478,0.04972025608261881,0.15199931307783,0.049386413319657214,,0.14339717169675928,0.006441445568432835,,,,,,,,,,,,,,,,,,,,,,,,,,,,,,,,,,,,,
847,,0.1597145587260128,0.1957369825996005,,,0.050631849000359795,,,,,,,,,0.006442057879480755,0.006442057879480755,,0.0049282635288539255,0.0049700832343657604,,,,,,0.004844731353987254,,,,,,,,,0.1655070871860001,0.049548550001320774,0.15209845382911485,0.049215860145385724,,0.14349070174664091,0.006428762889396035,,,,,,,,,,,,,,,,,,,,,,,,,,,,,,,,,,,,,
848,,0.16618257197557873,0.18882991930787915,,,0.04581802905432887,,,,,,,,,0.005941898949790005,0.005941898949790005,,0.0042732787547430885,0.004309589736078551,,,,,,0.004204821237664885,,,0.14873963818395292,,,,,,0.17394850954617488,0.04483772464134679,0.15650557575454907,0.044536665253110654,,,0.005929878655012335,,,,,,,,,,,,,,,,,,,,,,,,,,,,,,,,,,,,,
849,,0.15850654589107993,0.20022305415811414,,,0.050963215625015594,,,,,,,,,0.006574530566447807,0.006574530566447807,,0.0048306128593496095,0.004882320625415972,,,,,,0.004763178829163266,,,0.14226655535073018,,,,,,0.16533557805478788,0.04987928099120723,0.14909558751443816,0.04954379217209258,,,0.006561216795709933,,,,,,,,,,,,,,,,,,,,,,,,,,,,,,,,,,,,,
850,,0.15881792774445178,0.20061638697185397,,,0.050028959590305545,,,,,,,,,0.006656787360310752,0.006656787360310752,,0.0044586015577512345,0.0045066342552151275,,,,,,0.004396304679614866,,,0.14254603417874262,,,,,,0.16566037535848024,0.04998479228199481,0.1493884817927711,0.04963861979185189,,,0.006643307076345344,,,,,,,,,,,,,,,,,,,,,,,,,,,,,,,,,,,,,
851,,0.15890897390548872,0.20073139509552299,,,0.049880116280275145,,,,,,,,,0.00662980356725449,0.00662980356725449,,0.004487385577063167,0.004560254966778943,,,,,,0.004447760751295618,,,0.14262775208910283,,,,,,0.16575534411563841,0.049786225266539724,0.14947412229925253,0.04946440931118171,,,0.006616653207351168,,,,,,,,,,,,,,,,,,,,,,,,,,,,,,,,,,,,,
852,,0.1589677423100729,0.20080563044894448,,,0.049790094076810336,,,,,,,,,0.006667696482225207,0.006667696482225207,,0.004436977021480327,0.004509037616985716,,,,,,0.004397553885652818,,,0.14268049930175986,,,,,,0.16581664447448893,0.049698906354961866,0.14952940146617588,0.049377652274419565,,,0.006654467803796915,,,,,,,,,,,,,,,,,,,,,,,,,,,,,,,,,,,,,
853,,0.16847799121938004,0.19136567264636462,,,0.04191837585321604,,,,,,,,,0.005619261778798478,0.005619261778798478,,0.003903915992338072,0.003972023501371114,,,,,,0.0038579956924467843,,,0.150713727612073,,,,,,0.17647480780851715,0.042016321863694375,0.15871054420121009,0.04174176579729427,,,0.005608334254497446,,,,,,,,,,,,,,,,,,,,,,,,,,,,,,,,,,,,,
854,,0.15824827763477603,0.19961032988443825,,,0.0497595207615682,,,,,,,,,0.006700772245400314,0.006700772245400314,,0.004550269052485311,0.004630776473654813,,,,,,0.004486293216916759,,,0.14525814877233048,,,,,,0.16503941034834227,0.04987351531012113,0.14890712673376677,0.049547084090254455,,,0.006687703230544975,,,,,,,,,,,,,,,,,,,,,,,,,,,,,,,,,,,,,
855,,0.14441095135945822,0.1932875585353532,,,0.04870187381825201,,,,,,,,,0.006615351606283692,0.006615351606283692,,0.0046293511255813425,0.0047113458318911615,,,,,,0.004571282371666208,,,,,,,,,0.16974137782246757,0.04877324855533351,0.15644602029973806,0.04845523371846544,,,0.00659503304948786,0.15644602029973806,,,,,,,,,,,,,,,,,,,,,,,,,,,,,,,,,,,,
856,,0.14441834307094994,0.1932974520084879,,,0.047777973973619055,,,,,,,,,0.006736624982612576,0.006736624982612576,,0.004873538371806696,0.004957036988904081,,,,,,0.00481152636905886,,,,,,,,,0.16975006607831838,0.04866545417831847,0.15645402802931255,0.04835103867539041,,,0.006716264261296,0.15645402802931255,,,,,,,,,,,,,,,,,,,,,,,,,,,,,,,,,,,,
857,,0.09779209538335717,0.14102105866176204,,,0.02996873256019658,,,,0.025660305609430258,,0.024893554295254465,,,,,,,,,,,,,,,,0.08421086066687833,,,,,,0.11454667620301907,0.030619463018671217,0.10286766047279494,0.030418100972570326,,,,,0.1055706591753695,0.09378126071202934,0.09378126071202933,0.024868311556637327,,,,,,,,,,,,,,,,,,,,,,,,,,,,,,,,
858,,0.09902005757539663,0.1427918411328726,,,0.030597901830726575,,,,0.025692889645794324,,0.024708406871620608,,,,,,,,,,,,,,,,0.0852682851207941,,,,,,0.11598502341349338,0.030836456921898726,0.10415935585317268,0.030628362438571293,,,,,0.10278507995465648,,0.09130675564431211,0.024912827952378317,0.09130675564431211,,,,,,,,,,,,,,,,,,,,,,,,,,,,,,,
859,,0.09601591085472108,0.13845971235227766,,,0.0313601953548941,,,,0.026452828934222572,,0.025750341829690885,,,,,,,,,,,,,,,,0.08268135025733761,,,,,,0.11246618050159331,0.031607506636981156,0.1009992891457207,0.031394119987956694,,,,,0.10694921405347978,0.09500586814973738,,0.02585161379164971,0.09500586814973738,,,,,,,,,,,,,,,,,,,,,,,,,,,,,,,
860,,0.09641302911187218,0.13903237660308268,,,0.0314219203742958,,,,0.024653544499613864,,0.025306069385078424,,,,,,,,,,,,,,,,0.0830233172648972,,,,,,0.11293133646576277,0.03166971842929713,0.10141701847122529,0.03145591177985807,,,,,0.10728810588491967,0.09530691489364988,0.09530691489364988,0.024773821942797238,,,,,,,,,,,,,,,,,,,,,,,,,,,,,,,,
861,,,0.20375031737301275,,,0.052999871913066564,,,,,,,,,0.007284971535077253,0.007284971535077253,,0.004998243338659268,0.0050736969338375446,,,,,,0.004920743709087793,,,,,,,,,0.16239689669648386,0.0531906874415595,0.14924794018888296,0.05283888958988078,,,0.00727488286579542,,,,,,,0.16140307408767546,0.12733481279190353,,,,,,,,,,,,,,,,,,,,,,,,,,,,,
862,,,0.16194726069446652,0.04990863286536531,0.046964956723362115,0.03939249998637694,0.0457506049923641,,,0.03384086559612033,,0.033390836347813486,,,,,,,,,,,,,,,,,,,,,,0.12907824097829498,0.039133165161711295,0.11862703032570879,0.03889000010562586,,,,,,,,0.03357781050571302,,0.12828831902289453,0.10120977669418275,,,,,,,,,,,,,,,,,,,,,,,,,,,,,
863,,,0.15912788186346277,0.05118274593796758,0.04816392094818587,0.040091158673722635,0.04691856813929067,,,0.03572519831849341,,0.03525281233538942,,,,,,,,,,,,,,,,,,,,,,0.1268310868208438,0.03983709904410823,0.11656182380939649,0.03958800618247431,,,,,,,,0.03521698978234259,,0.12605491680684483,0.09944779133747741,,,,,,,,,,,,,,,,,,,,,,,,,,,,,
864,,0.11723741890171872,0.16945722999457108,0.04771401311956091,0.046666354553802525,0.038649334970157344,0.043495870036878055,,,0.03336937076224227,,,,,,,,,,,,,,,,,,0.10073368302822472,,,,,,0.13768687810509442,0.037967630377021555,0.12352721767766348,0.03782823082189183,,,,,,,,0.03300141124800049,,,,0.0326653564031725,,,,,,,,,,,,,,,,,,,,,,,,,,,,
865,0.10538949893397284,0.12304011587721582,0.17950291681392294,0.044986542804646576,0.0439936940085073,0.03630282019208039,0.04096175835385838,,,0.0313751102189672,0.0307815247089178,,,,,,,,,,,,,,,,,,,,,,,0.13815868564156292,0.03565625342317973,0.1230401158772158,0.03552556317697604,,,,,,,,0.031285399968976065,,,,,,,,,,,,,,,,,,,,,,,,,,,,,,,,
866,,0.12302183797284108,0.1794762512250204,0.044835023980842964,0.04334177371229237,0.036627001704055744,0.04083466012371221,,,0.0314058622057637,0.030811694899072296,,,,,,,,,,,,,,,,,0.10537384307108714,,,,,,0.13813816183738178,0.03596401839176601,0.12302183797284108,0.03583196887611586,,,,,,,,0.031316064027207394,,,,,,,,,,,,,,,,,,,,,,,,,,,,,,,,
867,0.10615202628669311,0.12393035119275729,0.1808016788855544,0.04496240076018144,0.043464657998498045,0.035865434010399544,0.0409519379367897,,,,0.030201516151000862,,,,,,,,,,,,,,,,,,,,,,,0.13915830873383678,0.0349392068107117,0.1239303511927573,0.03481385557711787,,,,,,,,0.03069990003171579,,,,0.030128374431986186,,,,,,,,,,,,,,,,,,,,,,,,,,,,
868,,0.12291944999271533,0.1793268776573167,0.0443392712150411,0.04285362139398974,0.037079106097339984,0.040353760217886774,,,0.030971810867168163,0.031140405249430927,,,,,,,,,,,,,,,,,0.1052861430730387,,,,,,0.13802319292127815,0.03663589085258885,0.12291944999271533,0.03649052141747994,,,,,,,,0.031660499052010425,,,,,,,,,,,,,,,,,,,,,,,,,,,,,,,,
869,0.10607713299196514,0.12384291478063877,0.18067411812295986,0.04420363750122441,0.04273772186635366,0.03628070809346185,0.0402431239421131,,,0.030396092684668273,0.03038504086836659,,,,,,,,,,,,,,,,,,,,,,,0.139060128561546,0.035847036287157366,0.12384291478063877,0.03570479698864106,,,,,,,,0.030704632530265022,,,,,,,,,,,,,,,,,,,,,,,,,,,,,,,,
870,,0.1228835682408553,0.17927452985941886,,,,,,,,,,,,,,,,,,,,,,,,,0.10525540870788924,,,,,,0.13798290219463055,,0.12288356824085533,,,,,0.08281036193360242,,,,,,,,,0.08326743507521041,0.08281036193360242,0.019441569706827574,0.018948492041143933,0.018683628501661585,0.008596707853780689,0.008583351928538766,0.008578113781983076,,,,,,,,,,,,,,,,,,,,
871,0.10441248028569419,0.12189946629718773,0.17783882599916837,0.046358729575331485,0.04524144806753508,0.036970415013740945,0.04262922250443365,,,0.030909564854488213,0.030898821893973704,,,,,,,,,,,,,,,,,,,,,,,0.13687787860045497,0.03649200267675889,0.12189946629718773,0.03634637334014048,,,,,,,,0.031225304593904483,,,,,,,,,,,,,,,,,,,,,,,,,,,,,,,,
872,,0.15126560769053016,0.22068101611003754,,,0.04919641498745923,,,,,,,,,0.00636544473509713,0.00636544473509713,,0.00420149557387077,0.004263042599157053,,,,,,0.004145621719012195,,,0.12956592641993717,,,,,,0.1698523883230989,0.04830562215982662,0.15126560769053016,0.048169098467474414,,,0.0063572687888714275,,,,,,,,,,,,,,,,,,,,,,,,,,,,,,,,,,,,,
873,0.1052751964733681,0.12297247821838336,0.17804847371737226,0.04508086841531167,0.04508086841531167,0.036226079363797015,0.04246469414952761,,,0.030670293797381523,0.030658612253923627,,,,,,,,,,,,,,,,,,,,,,,0.13812290874078584,0.035840514648015846,0.12297247821838336,0.03560398801376278,,,,,,,,0.030982545574675373,,,,,,,,,,,,,,,,,,,,,,,,,,,,,,,,
874,0.10639359954622436,0.12427889038500402,0.17993999201221816,0.0444426360352737,0.044442636035273715,0.034958000817385045,0.04186350025581299,,,0.030325856886965964,0.03031281587000776,,,,,,,,,,,,,,,,,,,,,,,0.13959027323634027,0.034603959667798806,0.12427889038500402,0.03437363184643615,,,,,,,,0.030195317020255075,,,,,,,,,,,,,,,,,,,,,,,,,,,,,,,,
875,,0.12475207938906441,0.18062510937484605,0.044018167339628766,0.042957295205595464,0.03538977862293992,0.04047695583868924,,,0.03068832239398907,0.030670004813275517,,,,,,,,,,,,,,,,,0.10679869071860056,,,,,,0.14012175997688478,0.0345000908973376,0.12475207938906441,0.033697496352390874,,,,,,,,0.03055216968769343,,,,,,,,,,,,,,,,,,,,,,,,,,,,,,,,
876,,0.12422708891035206,0.17986499007982062,0.044514157652356855,0.04342652230185041,0.03596144545996823,0.04089253155030499,,,0.030625234261381935,0.030606461318478446,,,,,,,,,,,,,,,,,0.10634925295338826,,,,,,0.13953208972682937,0.03505085541958955,0.12422708891035207,0.034235871934062925,,,,,,,,0.030486409521264135,,,,,,,,,,,,,,,,,,,,,,,,,,,,,,,,
877,0.10567139484118562,0.12343527949341042,0.17871855097243647,0.04568857547086999,0.04457224501743349,0.03543445104688434,0.0419713999425107,,,0.031021890941031624,0.031012508436930562,,,,,,,,,,,,,,,,,,,,,,,0.13864272796539445,0.03512972715505218,0.12343527949341042,0.034383739122244225,,,,,,,,0.03088223010120551,,,,,,,,,,,,,,,,,,,,,,,,,,,,,,,,
878,0.10596242287451979,0.12377523078002882,0.17921075710341458,0.045748459008892337,0.04463066539280598,0.0350865886088471,0.04202641141744519,,,0.030692027631375022,0.030682744893721525,,,,,,,,,,,,,,,,,,,,,,,0.1390245618620369,0.034784856212376355,0.12377523078002882,0.03404619159528879,,,,,,,,0.030553851839218712,,,,,,,,,,,,,,,,,,,,,,,,,,,,,,,,
879,,0.12378093602611398,0.17921901757252415,0.04538791350764523,0.04427892650391471,0.03541001423883262,0.041695202565946506,,,0.030380741377422676,0.03067023828062305,,,,,,,,,,,,,,,,,0.10596730706414699,,,,,,0.1390309700047025,0.03532393216686342,0.12378093602611398,0.03453057238781614,,,,,,,,0.03054329227733405,,,,,,,,,,,,,,,,,,,,,,,,,,,,,,,,
880,0.10614199795115557,0.12398499331612385,0.1795144665182032,0.045009494639175196,0.04390975374469862,0.0354119561481219,0.041347571442233874,,,0.03044386993172909,0.03073751556840535,,,,,,,,,,,,,,,,,,,,,,,0.13926016751990486,0.035262240659555986,0.12398499331612385,0.034469258532560505,,,,,,,,0.03052172071200811,,,,,,,,,,,,,,,,,,,,,,,,,,,,,,,,
881,,0.12848603983578355,0.1860314081507293,0.04174324617850904,0.04072083574156466,0.03379401766292028,0.038338007992699354,,,0.027953187735243395,0.028204115128349933,,,,,,,,,,,,,,,,,0.10999528743151755,,,,,,0.144315751067379,0.03162921759232022,0.12848603983578355,0.03228881971844838,,,,,,,,0.028014025928751813,,,,,,,,,,,,,,,,,,,,,,,,,,,,,,,,
882,0.10641376505787108,0.12430244581899808,0.1799740972781374,0.045316886083166114,0.04419643190735362,0.03554581923030388,0.04159206798127023,,,0.03025390533411769,0.030546118033270234,,,,,,,,,,,,,,,,,,,,,,,0.13961673074217446,0.03386755863161578,0.12430244581899808,0.033668439182967226,,,,,,,,0.03040328889975619,,,,,,,,,,,,,,,,,,,,,,,,,,,,,,,,
883,0.11389897001923606,0.1330459507936428,0.192633577986586,0.03750564819256742,0.03657787034556701,0.03113085079883399,0.034423888085016265,,,0.026786357836931483,0.026777096160044582,,,,,,,,,,,,,,,,,,,,,,,0.1494374512577257,0.02912713959793149,0.13304595079364276,0.02895295263022629,,,,,,,,0.026656295502048,,,,,,,,,,,,,,,,,,,,,,,,,,,,,,,,
884,0.1137925445567948,0.13292163468405233,0.19245358410590852,0.03763039284014587,0.03669952918271071,0.03144754305250929,0.03453838272767374,,,0.026592836379247514,0.026979072779794052,,,,,,,,,,,,,,,,,,,,,,,0.1492978191798109,0.0291040367518408,0.13292163468405233,0.02893027442218239,,,,,,,,0.026690714653276944,,,,,,,,,,,,,,,,,,,,,,,,,,,,,,,,
885,,0.11759931499160492,0.17026881825769072,,,,,,,,,,,,,,,,,,,,,,,,,0.10067529881677183,,,,,,0.13208776213909101,,0.11759931499160492,,,,,0.08341225438293134,,,,,,,,,,0.08341225438293136,0.01721752077087569,0.017155200052203674,0.01707047394441847,,,,0.08341225438293134,0.02002984429564823,0.02002984429564823,0.02002984429564823,,,,,,,,,,,,,,,,
886,0.112351857821458,0.12963090338148656,0.17691617801651427,,,,,,,,,,,,,,,,,,,,,,,,,,,,,,,0.12963090338148656,,0.112351857821458,,,,,0.07871174200515414,,,,,,,,,,0.07871174200515414,0.016433474401448135,0.016371630370329824,,,,,0.07871174200515414,0.017955667936563967,0.017955667936563967,,0.017955667936563967,0.016310964980664363,,,,,,,,,,,,,,
887,0.11577110868615448,0.1335760146335221,0.18230034171786633,,,,,,,,,,,,,,,,,,,,,,,,,,,,,,,0.1335760146335221,,0.11577110868615448,,,,,0.07329908093714238,,,,,,,,,,,0.016645804679101768,0.016583697290840718,0.0164999656828241,,,,0.07329908093714238,,,,0.017255135699007502,,0.07088497933513435,0.01728253138257987,0.017255135699007502,,,,,,,,,,,
888,0.11384241152633726,0.13107083550780657,0.1784202738851542,,,,,,,,,,,,,,,,,,,,,,,,,,,,,,,0.13107083550780657,,0.11384241152633726,,,,,0.07589443345068163,,,,,,,,,,,0.01745734308836001,0.017392138813496816,0.01730434669245598,,,,0.07589443345068163,,0.017961481117363225,,,,0.07389757598310692,0.017989998333048717,0.017961481117363225,,,,,,,,,,,
889,0.1078414648899664,0.12416173125640093,0.1690152505017222,,,,,,,,,,,,,,,,,,,,,,,,,,,,,,,0.12416173125640093,,0.1078414648899664,,,,,0.07738359431694046,,,,,,,,,,,,,,,,,0.07738359431694046,,,,,,0.07534755555686501,,,0.03379501052775042,0.032054694647356614,0.02997781711158727,0.013731683961688713,0.013704161836897108,0.013600244929517133,,,,,
890,0.11673836124478715,0.13539806352600436,0.16114615480403868,,,,,,,,,,,,,,,,,,,,,,,,,,,,,,,0.13539806352600436,,0.11673836124478715,,,,,0.07073121264235915,,,,,,,,,,,,,,,,,0.07073121264235915,,,,,,0.0688188817422626,,,0.030986643247929716,0.02939094771529515,0.027486658819818127,0.012191897511365584,0.012169160771307091,0.012074380561681856,,,,,
891,0.11450906832947653,0.13281243579792304,0.15806882891558544,,,,,,,,,,,,,,,,,,,,,,,,,,,,,,,0.13281243579792304,,0.11450906832947653,,,,,0.07623043107595594,,,,,,,,,,,,,,,,,0.07623043107595594,,,,,,0.07373972719511175,,,0.03001579719952361,0.02847267628795999,0.026591769757481006,0.012048572629794429,0.012026309525105828,0.01193244808272687,,,,,
892,0.15501115184083833,0.1797884565140934,0.2139780857341058,,,0.032684519288784936,,,,,,,,,,,,0.0029982024871313064,0.003052149460615852,,,,,,0.002966853409232672,,,,,0.003964672454387166,,,,0.1797884565140934,,0.15501115184083833,,0.03159534252005853,,0.003970263787847251,,,,,,,,,,,,,,,,,,,,,,,,,,,,,,,,,0.031227294989811284,0.00396339915816176,,,
893,0.15716957476994262,0.18229188625008255,0.21695758237734447,,,0.028388217948712095,,,,,,,,,,,,0.0030260136068183865,0.003080176915932973,,,,,,0.0029938453737865934,,,,,0.003996694380002996,,,,0.18229188625008255,,0.15716957476994262,,0.027517135247163187,,0.0040025191759655064,,,,,,,,,,,,,,,,,,,,,,,,,,,,,,,,,0.02711948319387351,0.003995409740349982,,,
894,0.15445576212775772,0.17914429215499558,0.21321142329575804,,,0.033557224043470626,,,,,,,,,,,,0.002974676065778079,0.0030229455615648076,,,,,,0.0029381168796442586,,,,,0.003973515603821193,,,,0.17914429215499558,,0.15445576212775772,,0.0324626405374136,,0.003979488463611376,,,,,,,,,,,,,,,,,,,,,,,,,,,,,,,,,0.032707622885631234,0.003972238097800242,,,
895,0.15424228019179484,0.1788966868227043,0.21291673187869756,,,0.033593300647208085,,,,,,,,,,,,0.003377087999346659,0.0034314956453662337,,,,,,0.0033351435055864785,,,,,0.003939980093141987,,,,0.1788966868227043,,0.15424228019179484,,0.032498238173151686,,0.0039461213501410805,,,,,,,,,,,,,,,,,,,,,,,,,,,,,,,,,0.03274525860782309,0.003938708070538785,,,
896,,0.1410424735794463,0.1817729150360775,,,,,,,,,,0.11027622557342513,,,,,,,,,,,,,,,,,,,,,0.1410424735794463,,,,,,,0.07408299914692197,,,,,,,,,,0.07408299914692197,,,,,,,0.07408299914692197,,,,,,,,,0.020540680010751697,0.019376341976564817,,0.011716343930199748,0.011623133919596145,,,,0.11027622557342513,0.018498579605841493,0.011585609774459755
897,,0.13903984768053823,0.17919196804803267,,,,,,,,,,0.10871044173709177,,,,,,,,,,,,,,,,,,,,,0.13903984768053823,,,,,,,0.07243385735703742,,,,,,,,,,0.07243385735703743,,,,,,,0.07243385735703742,,,,,,,,,0.025845170086789878,0.024592458720145188,0.023091687004772404,0.011565877805605201,0.01147386483642958,,,,0.10871044173709177,,0.011436822591852875
898,,0.13844762117273474,0.178428717546584,,,,,,,,,,0.1082474003403574,,,,,,,,,,,,,,,,,,,,,0.13844762117273474,,,,,,,0.07331946051230259,,,,,,,,,,0.07331946051230259,,,,,,,0.07331946051230259,,,,,,,,,0.025726408653181782,0.024542395889690417,0.022999797544945633,0.011725942099090616,0.011632918078114425,,,,0.1082474003403574,,0.011595395625301031
899,0.11333821670075778,0.14672378806082703,0.18929642677882508,,,,,,,,,,0.11195084169188958,,,,,,,,,,,,,,,,,,,,,0.14672378806082703,,,,,,,0.06479889132969313,,,,,,,,,,0.06479889132969313,,,,,,,0.06479889132969313,,,,,,,,,0.023289795284581933,0.022157032547079826,0.020814414216248814,0.010482563463164398,0.010402162879436452,,,,,,0.010424296327282805
900,0.11349839582607797,0.14693115049090033,0.18956395645196011,,,,,,,,,,,,,,,,,,,,,,,,,,,,,,,0.14693115049090033,,,,,,,0.06403602780690493,,,,,,,,,,0.06403602780690493,,,,,,,0.06403602780690493,,,,,,,,,0.023990561554182357,0.022739386697979955,0.02081812732269491,0.010482799098663202,0.010402554159163746,,,,0.11210906006185395,,0.010424774424908412
