threshold,PDX1,IRC15,PDA1,HSP82,HSC82,PGI1,AHA1,TAL1,TKL1,TPI1,ZWF1,PGK1,STI1,NQM1,TKL2,SSE1,FBA1,GPM1,ENO2,SBA1,HSP104,CDC19,ENO1,PYK2,FES1,PFK1,MAE1,PKP1,ERR3,TDH1,ERR1,TDH3,TDH2,MLS1,PTC5,AIM22,GPM2,KGD2,PKP2,PYC2,ILV2,CPR6,PYC1,LPD1,PTC6,LSC1,YMR31,KGD1,HSP78,SIS1,BTN2,CUR1,HSP26,YJL144W,MDH1,MBF1,CIT3,IDH1,IDH2,ACO1,CIT1,FUM1,ICL2,NCE103,SIP5,CYT1,MDH3,IDP3,ATP2,ATP18,ATP6,ATP15,ATP16,MDH2,ATP4,CIT2,IDP1,TOM40,TOM22,TOM70,PTC7,ACS1,TIM8,TOM7,TIM54,TOM20,TIM22
800,0.19613119792819098,0.19613119792819098,0.19613119792819098,0.02168899495376986,0.02125243366107125,0.019845168065065522,0.019320024620121168,0.019302928342394166,0.019183476054899617,0.019173449174307057,0.0188632927593886,0.018774527310029543,0.018716305344248854,0.01864203080640916,0.018642030806409155,0.01826290314913222,0.018239263279289646,0.018124776781783702,0.018092092805959022,0.018089498767417358,0.017834219368327263,0.01759260541286692,0.017589503941585257,0.017202250347463234,0.01717463046348851,,,,,,,,,,,,,,,,,,,,,,,,,,,,,,,,,,,,,,,,,,,,,,,,,,,,,,,,,,,,,,
801,0.1968877524834021,0.1968877524834021,0.1968877524834021,0.021419398479217103,0.020985698933901245,0.019781946104318774,0.019115946551669347,0.019247805312082242,0.01912893667136116,0.01910061340470053,0.018811214795159417,0.018695467262669768,0.018466052304132126,0.018835979189810507,0.018835979189810514,0.018017386086492865,0.01817050487372941,0.018055729203079584,0.01802319058030306,0.017879295265347823,0.01759167545805372,0.017525972582691424,0.01752283516348771,0.01713818726357258,0.01698692787420279,,,,,,,,,,,,,,,,,,,,,,,,,,,,,,,,,,,,,,,,,,,,,,,,,,,,,,,,,,,,,,
802,0.19689596718126437,0.19689596718126437,0.19689596718126437,0.021356736295225626,0.020927880927594844,0.019855905551879535,0.018924589227174993,0.01931976774894926,0.019200454689921015,0.01917202553008161,0.018881544935928182,0.018765364654126898,0.01828156585758324,0.018906401918079914,0.018906401918079914,0.01783723285452714,0.018238439570107325,0.01812323478367941,0.018090574507626096,0.017701030469807925,0.017414916987225883,0.01759149754385275,0.017588348394671115,0.017202262398320317,,0.017025921691763812,,,,,,,,,,,,,,,,,,,,,,,,,,,,,,,,,,,,,,,,,,,,,,,,,,,,,,,,,,,,,
803,0.15096379808112279,0.15096379808112279,0.18769607967550436,,,0.019301586920600026,,0.018780416512247704,0.01866443432379604,0.018636798822696077,0.018354427594541776,0.01824149072536761,,0.01837859064267534,0.01837859064267534,,0.017729275843841562,0.01761728723707177,0.01758553874010966,,,0.017100394541011244,0.017097333306836025,0.016722025698833937,,0.016550607907469678,0.10661101365855859,0.05514528907673602,0.01641044797368469,0.016150879401295944,0.016039128319659472,0.015451534010911276,0.015429232261630328,,,,,,,,,,,,,,,,,,,,,,,,,,,,,,,,,,,,,,,,,,,,,,,,,,,,,,
804,0.19573832550792492,0.19573832550792492,0.21259750442560255,,,0.01743692211614926,,0.01696904740573807,0.016863477535222778,0.01683364269447824,0.016582069303648275,0.016477884890114147,,0.016606617252447227,0.016606617252447227,,0.016009559975658564,0.01590676814924309,0.01587888838030337,,,0.015438008640074566,0.015435239386793236,0.01509545626545037,,0.014969082605921278,,0.0688882901782575,0.014814782962035849,0.013970107340717281,0.013864050365915445,0.013970107340717281,0.013921781894160061,0.013387442623054413,,,,,,,,,,,,,,,,,,,,,,,,,,,,,,,,,,,,,,,,,,,,,,,,,,,,,
805,0.12282341057670997,0.12282341057670997,0.1716957270558568,,,0.020975314428280194,,0.020402649813939355,0.020275340914076127,0.020267654491063176,0.019934595046140605,0.019851363238820578,,0.01958691371385011,0.019586913713850115,,0.019274624827485088,0.019151977514246236,0.019118383905232256,,,0.018586977038686444,0.018583717472672606,0.01817285927523166,,0.018020148963639068,0.0882805906186633,0.06718251645896102,0.017833595705877676,0.01681573029410961,,0.01681573029410961,0.016757337602827483,,0.06718251645896102,,,,,,,,,,,,,,,,,,,,,,,,,,,,,,,,,,,,,,,,,,,,,,,,,,,,
806,0.14372690858532142,0.14372690858532142,0.18135536107247532,,,0.02064829721585614,,0.020084560772126326,0.019959236691212644,0.01995167010395405,0.019623803247281933,0.019541869071695053,,0.01928154246687334,0.01928154246687334,,0.018974122343808113,0.018853387172702993,0.018820317307369362,,,0.01829719537942387,0.01829398663191839,0.01788953395001277,,0.017739204479984016,,0.08018215877588573,0.017555559694776415,0.01655356339003496,0.016427467354786958,0.016553563390034963,0.01649608107438483,,0.08018215877588573,,,,,,,,,,,,,,,,,,,,,,,,,,,,,,,,,,,,,,,,,,,,,,,,,,,,
807,0.1227012139484893,0.1227012139484893,0.1715249075123544,,,0.021012411679169965,,0.020438734241734313,0.02031120018147051,0.020303500164136297,0.01996985166536036,0.01988647265303663,,0.019621555418730553,0.019621555418730553,,0.019308714213628803,0.019185849984540326,0.01915219696137329,,,0.01861985024079477,0.018616584909864335,0.01820500006254728,,0.018052019665242173,0.08819276053431474,0.06711567678281037,0.017865136466633843,0.016845470843065292,,0.016845470843065292,0.016786974877606945,,0.06711567678281037,,,,,,,,,,,,,,,,,,,,,,,,,,,,,,,,,,,,,,,,,,,,,,,,,,,,
808,0.12363485068718749,0.12363485068718749,0.17283004500938498,,,0.020694000210524928,,0.02013873023275854,0.02001344075172993,0.019978033000491738,0.01967946770507322,0.019555822473348982,,0.01970860101508227,0.019708601015082265,,0.019000018197010447,0.01887802567658094,0.018844938188980493,,,0.01832170562670041,0.018318419098974633,0.01791516719833732,,0.017765187946295023,0.08886382155052128,0.06762636171876653,0.017582066358564137,0.01657961206250447,,0.01657961206250447,0.016522259807641635,,0.06762636171876653,,,,,,,,,,,,,,,,,,,,,,,,,,,,,,,,,,,,,,,,,,,,,,,,,,,,
809,0.12828340777045963,0.10714170992959436,0.164344211290433,,,0.019013164120734897,,0.018492347667855978,0.01837618355867349,0.01811939331860282,0.018066027613008896,0.01800596008536983,,0.017584538663040637,0.017584538663040637,,0.01747018167890131,0.017092453030011744,0.017328290214280003,,,0.01686929079021429,0.016841511135382518,0.016492290053791922,,0.01632869161174365,0.07560535270918323,0.05357120968398852,0.016159454322143028,0.0152584362379814,,0.0152584362379814,,,0.05357120968398852,0.10714170992959436,,,,,,,,,,,,,,,,,,,,,,,,,,,,,,,,,,,,,,,,,,,,,,,,,,,
810,0.1269242192535859,0.10600652195520652,0.16260295130457178,,,0.019592395955914783,,0.018712400353563325,0.0186080844049245,0.01837495291397587,0.018285597614393,0.018261533885583953,,0.017800509190225886,0.017800509190225886,,0.018014942855798164,0.017624630892387253,0.01787025085519258,,,0.017395172833820697,0.017366271251436433,0.01700310021176925,,0.016833071131650036,0.07480429878488785,0.05300361193847338,0.016656521334129818,0.01572415899730167,,0.015724158997301677,,,0.05300361193847338,0.10600652195520652,,,,,,,,,,,,,,,,,,,,,,,,,,,,,,,,,,,,,,,,,,,,,,,,,,,
811,0.1283670347688895,0.10721155481260597,0.1644513460581977,,,0.019114452947734464,,0.018256461603889558,0.01815399285083523,0.01792142477697444,0.017831093944705764,0.01781325093697659,,0.017363953700903403,0.017363953700903403,,0.01756919245446703,0.01718498236324673,0.017427212765061127,,,0.016961170948276625,0.01693265447138307,0.016577797101683965,,0.01647117319175836,0.07565463927571733,0.053606132356733116,0.016240211947729448,0.01535431292599408,,0.01535431292599408,,,0.053606132356733116,0.10721155481260597,,,,,,,,,,,,,,,,,,,,,,,,,,,,,,,,,,,,,,,,,,,,,,,,,,,
812,0.11976220567067401,0.10002484127530753,0.1534276768556647,,,0.02198168915405121,,0.02103409727441827,0.020915616257944702,0.020600256567650542,0.020544502520827117,0.020480545958280402,,0.020005848281089988,0.02000584828108998,,0.02019930808222752,0.019899017753809783,0.020035123947274792,,,0.019487996504966732,0.019465481478143927,0.01854465630838996,,0.01893239251066017,0.07058328086483924,0.05001275179468714,0.01866708351667251,0.017676093035667608,,0.017676093035667608,,,0.05001275179468714,0.10002484127530753,,,,,,,,,,,,,,,,,,,,,,,,,,,,,,,,,,,,,,,,,,,,,,,,,,,
813,0.11990191389345232,0.10014152493798724,0.15360665742752772,,,0.021935332522620758,,0.020989738995671397,0.02087150784083374,0.020556813204659328,0.020501176736143066,0.020437355049982637,,0.01996365845078528,0.01996365845078528,,0.020156710269413597,0.019857053215717336,0.019992872378253937,,,0.019446898759249036,0.019424431213800046,0.018505547949088378,,0.01889246646423295,0.07066561956820785,0.05007109401233718,0.018627716973710344,0.017638816367608008,,0.017638816367608008,,,0.05007109401233718,0.10014152493798724,,,,,,,,,,,,,,,,,,,,,,,,,,,,,,,,,,,,,,,,,,,,,,,,,,,
814,0.12068785709801189,0.12068785709801189,0.1687104215227335,,,0.021872818426786504,,0.020929919772335794,0.020812025567655445,0.02049822778821316,0.020442749879569247,0.020379110080553712,,0.01990676348207178,0.01990676348207178,,0.020099265117114858,0.019800462064138803,0.019935894151980535,,,0.019391476517919386,0.019369073003334212,0.018452808488824364,,0.018838624314455987,0.08674563957380967,0.0660144015527069,0.018574629340647703,0.017588547029057048,,0.017588547029057048,0.01675171606623198,,0.0660144015527069,,,,,,,,,,,,,,,,,,,,,,,,,,,,,,,,,,,,,,,,,,,,,,,,,,,,
815,0.12257541051283288,0.12257541051283288,0.17134904598685424,,,0.021284058291904138,,0.020369060533558164,0.02025441818571391,0.019941881012263823,0.019895688724461458,0.019822734589756263,,0.01947093182606266,0.01947093182606266,,0.019553824922701274,0.01926302109098932,0.01939459999745395,,,0.01886509468094994,0.018843309109271626,0.017952884699372004,,0.018327816956079077,0.08810233801999554,0.06704686423846809,0.01807125932659613,0.017112086353719844,,0.017112086353719844,0.01629837800991229,,0.06704686423846808,,,,,,,,,,,,,,,,,,,,,,,,,,,,,,,,,,,,,,,,,,,,,,,,,,,,
816,0.12231878511439791,0.12231878511439791,0.1709903075007757,,,0.02135267289222378,,0.020437527283790214,0.020322602622370203,0.020001066627132264,0.019963390759179436,0.019877935838087092,,0.019645080235071125,0.019645080235071125,,0.01961194601782065,0.019320156224041592,0.01945192839910288,,,0.01892100317090714,0.018899163955414605,0.018007177315303994,,0.018382764092339608,0.08791788587333056,0.06690649409263683,0.0181257477478677,0.017163890652152704,,0.0171638906521527,0.016348223491795474,,0.06690649409263683,,,,,,,,,,,,,,,,,,,,,,,,,,,,,,,,,,,,,,,,,,,,,,,,,,,,
817,0.1612113321468188,0.1612113321468188,0.18727973420039815,,,0.020425146992284936,,0.019554613936272756,0.019444846137605463,0.019126270225010376,0.019102019598011086,0.018997184215974326,,0.01901196610862897,0.01901196610862897,,0.01875452214367161,0.018475256459997903,0.018600893372776588,,,0.01809346462814519,0.018072590662476462,0.01722164733590328,,0.017579947214264036,0.11270375310950206,,0.01733472878714316,0.016415222122041252,0.015504588706007795,0.016415222122041252,0.015636063380797545,,,,0.014815688138779235,,,,,,,,,,,,,,,,,,,,,,,,,,,,,,,,,,,,,,,,,,,,,,,,,,
818,0.15968343881275276,0.15968343881275276,0.18550477549445651,,,0.02073180608578653,,0.019851868322721473,0.019740571552555312,0.01940691902077721,0.019393448858349496,0.019270748212209664,,0.019447046492540126,0.019447046492540126,,0.01902985045987945,0.01874632515110714,0.018873545174522586,,,0.01835887251567257,0.018337705845990846,0.017475707251871298,,0.01783865805943151,0.11163559424742275,,0.01759024104218765,0.016657459279395288,0.015734270281298497,0.016657459279395288,0.015867472017080834,,,,0.015035731237302478,,,,,,,,,,,,,,,,,,,,,,,,,,,,,,,,,,,,,,,,,,,,,,,,,,
819,0.1613232685659735,0.16132326856597348,0.18740977110628723,,,0.020389545374321794,,0.019524134475128855,0.019414675099716585,0.01908653082671902,0.019073283042764115,0.018952608057595226,,0.019125995835357495,0.019125995835357495,,0.01871568727841254,0.01843684267972873,0.018561962431920986,,,0.018055786487233768,0.018034969257412443,0.017187201370009147,,0.017544160234508145,0.11278200849254723,,0.017299844325711366,0.016382461826661573,0.015474513725667407,0.016382461826661573,0.015605516438331905,,,,0.014787506839998287,,,,,,,,,,,,,,,,,,,,,,,,,,,,,,,,,,,,,,,,,,,,,,,,,,
820,0.11343599188856437,0.09711452007664535,0.13180019601705498,,,0.021873497548634872,,0.02094510199912457,0.02082767616466871,0.020475649534391304,0.020461437576030157,0.020331979859155438,,0.02051798680841398,0.02051798680841398,,0.020077815973324042,0.01977867705022467,0.01991290302449823,,,0.019369887568192985,0.019347555259301017,0.018438086780897332,,0.018821025130146423,0.05128283142290475,0.02899248769787493,0.018558927896782453,0.017574778251670833,,,,,,0.09711452007664535,,0.11343599188856442,0.02899248769787493,,,,,,,,,,,,,,,,,,,,,,,,,,,,,,,,,,,,,,,,,,,,,,,,
821,0.08192267703433587,0.07106751712293452,0.11867398520083822,0.02671620753967454,0.025962000783356875,0.02206440542968255,0.02341479672310291,0.021473085957845355,0.021339411953619727,0.02097899863903993,,0.02078285871452437,0.022546331659445498,0.02128234996464293,0.02120858687855359,,,,,0.022398583155472686,0.022267531400852116,,,,0.020965418554322438,,0.06494690963863334,0.022882239616003133,,,,,,,,0.07106751712293452,,0.08192267703433585,0.022882239616003133,0.06494690963863334,0.06494690963863334,0.02133985098257931,,,,,,,,,,,,,,,,,,,,,,,,,,,,,,,,,,,,,,,,,,,,,
822,0.10028707764563288,0.08633567795920863,0.12798746721460116,,,0.02219593803266291,,0.021647720063615032,0.021512472345710812,0.021098770737909466,0.02088563934838072,0.020889771284535792,,0.021621500919572614,0.021545988553108113,,0.020341697385525187,0.020074188703424128,0.020171141253385934,,,0.019164211167761465,0.019598548010979547,0.01872471500495736,,0.019069333605301463,0.0590602814301114,0.02664856525959167,0.018807691779479056,,,,,,,0.08633567795920863,,0.10028707764563288,0.02664856525959167,0.0590602814301114,,,,,,,,,,,,,,,,,,,,,,,,,,,,,,,,,,,,,,,,,,,,,,,
823,0.08475876989250486,0.07352781364956877,0.12278237684601705,,,0.02244966028180565,,0.021874749066727716,0.021737524259240675,0.021335706702858254,0.021101049492148322,0.02112610114474866,,0.021852936559659395,0.021775969917900727,,0.02057965949469058,0.020307324360605315,0.020406103110052053,,,0.019381411366019723,0.019824445130166655,0.018935278722419797,,,0.06719531598049487,0.02367440313779159,0.0190217822437245,,,,,,,0.07352781364956877,,0.08475876989250486,0.02367440313779159,0.06719531598049486,,,0.06719531598049486,,,,,,,,,,,,,,,,,,,,,,,,,,,,,,,,,,,,,,,,,,,,
824,0.08039563008019306,0.060421104655898755,0.11288651476733623,,,0.023465453311457746,,0.022870494482676928,0.022719382850884415,0.022241349908382703,0.022664961180319167,0.02206772560289418,,0.02288345446523071,0.022798230757343566,,0.021440596275752278,0.02175382268957509,0.021288939126907366,,,0.020101138876835605,0.021288939126907366,,,,0.05093407795551118,0.0269553092701458,,,,,,,0.0269553092701458,0.07201640234194011,,0.08039563008019306,,0.050934077955511164,,,0.050934077955511164,0.07201640234194011,0.027570974670506444,,,,,,,,,,,,,,,,,,,,,,,,,,,,,,,,,,,,,,,,,,
825,0.08077418173806893,0.06070560406607028,0.11341805332576758,,,0.023161709016243273,,0.022578325937493607,0.02242932096520891,0.02195213772362315,0.022375135841920062,0.021767243967216292,,0.022776989129686783,0.022692258641159133,,0.021162017096275423,0.021470694724130854,0.021011770475176713,,,0.019840627948497908,0.021011770475176713,,,,0.051173906658056406,0.027082231305617047,,,,,,,0.027082231305617047,0.0723554994853247,,0.08077418173806893,,0.051173906658056406,,,0.051173906658056406,0.0723554994853247,0.027700795634162848,,,,,,,,,,,,,,,,,,,,,,,,,,,,,,,,,,,,,,,,,,
826,0.08272412379651775,0.06211729684518056,0.11454104135041772,,,0.02299510663001369,,0.022452746301741572,0.022310215203527294,0.021841386909019635,0.021654274132640684,0.02161852444621128,,0.022617455547294146,0.022536758854535113,,0.02109428081013854,0.02077830423152571,0.020913715377062343,,,0.01982268110778625,0.02031472437316418,,,,0.05228217807977606,0.022692593914719256,,,,,,,0.025933172713575498,0.0740851355808513,,0.08272412379651775,,0.05228217807977606,,,0.05228217807977606,0.0740851355808513,0.02330066825738038,,,,,,,,,,,,,,,,,,,,,,,,,,,,,,,,,,,,,,,,,,
827,0.08614450499747765,0.06468565084680546,0.11927695158546607,,,0.02071765735170213,,0.019791282116829692,0.019677058242353104,0.01929363301208114,0.01969092465781843,0.019113841326445682,,0.019640008286214372,0.019757528649571428,,0.01896988639209618,0.01921807003471113,0.018803677502375677,,,0.01774248995524542,0.018803677502375677,,,,0.05444388098870225,0.02363086098924087,,,,,,,0.02700542748473444,0.07714832190887591,,0.08614450499747765,,0.05444388098870226,,,0.05444388098870225,0.07714832190887591,0.02426407728511917,,,,,,,,,,,,,,,,,,,,,,,,,,,,,,,,,,,,,,,,,,
828,0.08352832083435928,0.06272116599276435,0.1156545444247068,,,0.022429702565229293,,0.02184844267902181,0.021711214402539272,0.02145016746904015,0.021116658683183888,0.021048059555589027,,0.021836201389086596,0.02193244201852669,,0.020572531163535992,0.020430959330552095,0.020428856542574876,,,0.01931110721726221,0.01984363610618173,,,,0.05279043577794258,0.022913198449039232,,,,,,,0.026185280317995586,0.07480534927243129,,0.08352832083435931,,0.05279043577794258,,,0.05279043577794258,0.07480534927243129,0.02352718414576145,,,,,,,,,,,,,,,,,,,,,,,,,,,,,,,,,,,,,,,,,,
829,0.08209754396984545,0.06173843998954935,0.11643106980329795,,,0.02302933743363654,,0.022430675860791637,0.02229024327320199,0.022200370342591206,0.02168106880659829,0.02161256370283059,,0.02241542947678605,0.022513999697014328,,0.021126560665613282,0.021174391420373938,0.020979483520131067,,,0.019815264847457378,0.020379980261398423,,,,0.052102578645230074,0.022903877439125093,,,,,,,0.02615770462807027,0.07355310334818341,,0.08209754396984545,,0.052102578645230074,,,0.052102578645230074,0.07355310334818341,0.023510508259784624,,,,,,,,,,,,,,,,,,,,,,,,,,,,,,,,,,,,,,,,,,
830,0.09904856036783262,0.07304216494611941,0.12004638392359632,,,0.02217833331716793,,0.021584114958626714,0.021450346298319614,0.021374904965945057,0.020907957654761746,0.02077007576154128,,0.021620599875367602,0.021497471948875413,,0.02037164046495405,0.020387811734167417,0.02019718795651813,,,0.019072103400209758,0.019618215921862924,0.01862861386917004,,,0.03882827408799539,0.025882687778888993,,,,,,,0.029811880544383496,0.08829117467831323,,0.09904856036783262,0.021371187498065432,,,,,0.08829117467831323,0.02667857300117154,,,,,,,,,,,,,,,,,,,,,,,,,,,,,,,,,,,,,,,,,,
831,0.09916703065913993,0.07312952943205185,0.120189969353016,,,0.022113280029163882,,0.021520804626572635,0.021387428335297977,0.021312208286761673,0.020846630621235804,0.0207091531619456,,0.021557182526083577,0.021434415757319015,,0.020311886552190208,0.02032801038798202,0.0201379457462845,,,0.019016161277887324,0.019560671947199033,0.018573972586355104,,,0.038874715923445415,0.02591364561966521,,,,,,,0.02984753802551594,0.08839677824433335,,0.09916703065913995,0.02139674921041215,,,,,0.08839677824433335,0.02671048278666842,,,,,,,,,,,,,,,,,,,,,,,,,,,,,,,,,,,,,,,,,,
832,0.09100834972028402,0.06766618520260528,0.11781340074987696,,,0.023173785635559805,,0.022553026763814155,0.022413261182187862,0.02233414826964213,0.02184655617380817,0.021701710644715676,,0.02259855764733175,0.022469851966394623,,0.021285886220284912,0.02130275027528033,0.021103584372188115,,,0.019928061167281488,0.020498638936168212,,,,0.04463676813266761,0.024454604833299004,,,,,,,0.028067038839625833,0.08129372558955644,,0.09100834972028402,0.019749546661349933,0.04463676813266761,,,,0.08129372558955646,0.025161717573569557,,,,,,,,,,,,,,,,,,,,,,,,,,,,,,,,,,,,,,,,,,
833,0.08984004343924962,0.066797530519504,0.11630098857550884,,,0.02404711233225144,,0.02293602172885246,0.02282593447303079,0.022365945586744696,0.022896258666588797,0.02210372357626888,,0.023111619649641778,0.02296989303247569,,0.02203187423847934,0.022282940868580185,0.02187320805299051,,,0.020550384496481486,0.02187320805299051,0.02003939760385254,,,0.044063750198217025,0.02414067244671282,,,,,,,0.027706732363712835,0.08025012936451907,,0.08984004343924962,,0.044063750198217025,,,,0.08025012936451907,0.024838707731360935,,,,,,,,,,,,,,,,,,,,,,,,,,,,,,,,,,,,,,,,,,
834,0.09796694828432169,0.07224074747840244,0.1186353157967333,,,0.02287216389532114,,0.0222796178979654,0.02215995660419125,0.021697090117818268,0.021597440444274148,0.021405118193561338,,0.02236420155488597,0.022234460375560434,,0.02102271568434993,0.020637140567462128,0.020839592433979804,,,0.019669524515813837,0.020236765325593785,0.01920921678581572,,,0.03839409180210892,0.025584585792407796,,,,,,,0.029469186410762172,0.08732588286502269,,0.09796694828432169,0.02049380193282071,,,,,0.08732588286502269,0.026371604091482797,,,,,,,,,,,,,,,,,,,,,,,,,,,,,,,,,,,,,,,,,,
835,0.09768907127171607,0.07203584119675083,0.11829881427534827,,,0.02284233578158896,,0.022226659379456,0.022109180254792474,0.022079250653741073,0.021550630664971815,0.021784330090603644,,0.022275244026770138,0.022148279426435123,,0.021412767212419023,0.021031218401284416,0.021233022187723685,,,0.02007636348586353,0.020242725877917454,0.019203537055731093,,,0.03828518940473391,0.02551201674342493,,,,,,,0.02938559893940423,0.08707818855710919,,0.09768907127171607,0.020435672568195652,,,,,0.08707818855710919,0.026296802715193197,,,,,,,,,,,,,,,,,,,,,,,,,,,,,,,,,,,,,,,,,,
836,0.09726907233802948,0.07172613432682164,0.11779020696436424,,,0.0235123678479632,,0.02173853204452374,0.022369574849796785,0.02193052352186846,0.02180695341879746,0.0216301080218901,,0.02261868802768492,0.022484489538098746,,0.021620326377117756,0.021220385753897484,0.021434071590466546,,,0.020265344184220623,0.020808580147219605,0.019784213356383945,,,0.03812058820096923,0.025402331804373467,,,,,,,0.029259260137533924,0.0867038094595782,,0.09726907233802945,0.020347812579600433,,,,,0.0867038094595782,0.026183743711192354,,,,,,,,,,,,,,,,,,,,,,,,,,,,,,,,,,,,,,,,,,
837,0.09747737900941554,0.07187387360003826,0.11788746936154608,,,0.023197733444153046,,0.02184518167697148,0.02243987845960535,0.022425719419084156,0.021046797693875043,0.0221339129158765,,0.022437544840441515,0.022307576738994202,,0.021742643987454516,0.021351236832709987,0.021561237613112544,,,0.02042586635516453,0.020543682571405594,0.01952458804426229,,,0.0381865044598629,0.025408052323721377,,,,,,,0.02915166227329261,0.08688770909103177,,0.09747737900941554,0.02037060886381198,,,,,0.08688770909103177,0.025408052323721377,,,,,,,,,,,,,,,,,,,,,,,,,,,,,,,,,,,,,,,,,,
838,0.09745658402091054,0.07185854064391542,0.1178623202593116,,,0.023592665895968108,,0.020805597637724094,0.022408649869669624,0.022436631115654568,0.021046786628448562,0.021184719822022968,,0.022495991986209222,0.022361857637421073,,0.022125794144371425,0.02177197963230618,0.021360101306636674,,,0.02076625441570208,0.020940528491783558,0.019834737513326792,,,0.038178358078319215,0.02540263198762519,,,,,,,0.029145443307538346,0.0868691732119372,,0.09745658402091052,0.0203662631727248,,,,,0.0868691732119372,0.02540263198762519,,,,,,,,,,,,,,,,,,,,,,,,,,,,,,,,,,,,,,,,,,
839,0.07942502621518982,0.059766961299059757,0.11312993790027787,,,0.024982574317349543,,0.022031312251581635,0.0237288046712923,0.023758434368944672,0.02228671034486495,0.02243276955981322,,0.023821292350603613,0.02367925578076934,,0.0234292851422357,0.023054626450369212,0.02261848324696367,,,0.021989651212834124,0.02217419225098942,,,,0.0511679416596274,0.022170410685753764,,,,,,,0.025232267912687602,0.07117092697197261,,0.07942502621518982,,0.0511679416596274,,,0.05401482987427622,0.07117092697197261,0.022170410685753764,,,,,,,,,,,,,,,,,,,,,,,,,,,,,,,,,,,,,,,,,,
840,0.0974513119511264,0.07185465334122912,0.11785594430858884,,,0.023459777192398848,,0.020625794474697385,0.022260260647051118,0.02226620951927809,0.02148833969363775,0.021045653297466205,,0.022378683836195224,0.022239958652369288,,0.021973899518106535,0.022183671653758213,0.02178593985088064,,,0.02054051751811169,0.021349513727628056,0.01957177468867489,,,0.03817629275897671,0.025401257791618982,,,,,,,0.029143866638167558,0.08686447388507419,,0.09745131195112636,0.020365161427144778,,,,,0.08686447388507422,0.025401257791618982,,,,,,,,,,,,,,,,,,,,,,,,,,,,,,,,,,,,,,,,,,
841,0.09221402395590425,0.060421401184869224,0.108927794809048,,,0.02323251212675027,,0.020425983432294775,0.022044615819915,0.022050507062829214,0.021280172800529493,0.020841774900027057,,0.022161891792116924,0.022024510499486144,,0.021761028795781182,0.02196876877751302,0.021574889975606013,,,0.020341532590679303,0.021142691702035817,0.01938217439439239,,,0.044343259463705584,0.020376650268292478,,,,,,,0.023101037458837143,0.07340635505309445,,0.09221402395590425,,,,,,0.0841357248445278,0.020376650268292478,0.08025002406756776,,,,,,,,,,,,,,,,,,,,,,,,,,,,,,,,,,,,,,,,,
842,0.09252304955774822,0.06062388405097146,0.10929283123088877,,,0.023061539689039748,,0.02032272252990019,0.021930450605327976,0.021883415539344114,0.02117163779862244,0.020676952078609524,,0.022054345486282528,0.021916919442503187,,0.021129758134921607,0.02184715205227893,0.021408270888961255,,,0.0202310020260162,0.020978012093131524,0.01927583276224195,,,0.04449186161612925,0.02044493604894266,,,,,,,0.02317845314571088,0.07365235281001158,,0.09252304955774823,,,,,,0.08441767862868423,0.02044493604894266,0.08051895617704097,,,,,,,,,,,,,,,,,,,,,,,,,,,,,,,,,,,,,,,,,
843,0.09261558552479998,0.060684516398952906,0.10940213932090655,,,0.02298023852240938,,0.020255875917491197,0.021856118362237907,0.021804210327550318,0.021100733604909577,0.020588440668432132,,0.02215755028213342,0.022019697435424326,,0.02105438057886485,0.02176803399886092,0.0213305929905574,,,0.020158711001135202,0.020902618991237666,0.019208598432545212,,,0.044536359689422995,0.020465383839386696,,,,,,,0.023201634834888376,0.07372601544570605,,0.09261558552479998,,,,,,0.08450210809318534,0.020465383839386696,0.080599486374775,,,,,,,,,,,,,,,,,,,,,,,,,,,,,,,,,,,,,,,,,
844,0.08452782389298896,0.0556069961437536,0.10504406547331065,,,0.024376061336934388,,0.021488481055703935,0.023186052756475024,0.023071560213169726,0.02238393350463666,0.021781002991698724,,0.023513898068524296,0.02336696154970657,,0.022273875777869084,0.02262885758900301,0.022567477319551832,,,0.021321666524886557,0.022165253342109583,0.020368250683326806,,,0.04651957032306601,,,,,,,,0.021296950918338015,0.06762763567607978,,0.08778883626319689,,0.03683864244200442,,,,0.08056957592734929,,0.07456820725376316,0.025118362972553158,,,,,,,,,,,,,,,,,,,,,,,,,,,,,,,,,,,,,,,,
845,0.08479340908368559,0.05578171251517708,0.10537411239603274,,,0.024173100380402008,,0.02127157051249733,0.022999508385638127,0.022863765132072056,0.02215699685605812,0.021573120777177,,0.023655902293372374,0.02349706659130267,,0.022074573874694435,0.022425473435662053,0.02236328820131472,,,0.021130681688125524,0.02196585867194644,0.020188573955833938,,,0.046665734135008186,,,,,,,,0.021363865627724885,0.06784012072171554,,0.08806466750723216,,0.036954388919641784,,,,0.0808227243606285,,0.07480249947413864,0.025197284502918096,,,,,,,,,,,,,,,,,,,,,,,,,,,,,,,,,,,,,,,,
846,0.07732905323614556,0.05142736791875368,0.10372536397147684,,,0.02490735122285533,,0.021917688235227217,0.023698111715058725,0.023558245299932085,0.022830009144584662,0.022228398000856242,,0.024374443395447313,0.02421078310545876,,0.022745082589308185,0.02310664062164283,0.023042566529019606,,,0.021772519954089038,0.02263306519412525,0.02080179597542313,,,0.05126884560716905,,,,,,,,,0.06206676662718467,,0.08013362374760821,,0.0424986216564238,,,0.044391411755637086,0.07364156108939256,,0.06947394278121415,0.022216740625966052,,,,,,,,,,,,,,,,,,,,,,,,,,,,,,,,,,,,,,,,
847,0.07743129807097031,0.0514953654244553,0.1038625101314591,,,0.02483795356028345,,0.021856620467767943,0.02363208327447194,0.02349260655964685,0.022766399439283082,0.02216646452386085,,0.024306530537793365,0.024143326243365293,,0.022681709509104704,0.023042260156828136,0.022978364589501303,,,0.021711856659160797,0.0225700042203888,0.020743837342846145,,,0.05133663351393099,,,,,,,,,0.062148831595477044,,0.08023957679864277,,0.042554813532176786,,,0.044450106287286587,0.07373893030490371,,0.06956580155236189,0.022246115704032895,,,,,,,,,,,,,,,,,,,,,,,,,,,,,,,,,,,,,,,,
848,0.08763931503692142,0.06478076085185126,0.11246604317910486,,,0.024602389853578693,,0.02164933179074668,0.02340795606850954,0.023269802153965208,0.022550482398162024,0.02195623727888647,,0.02407600685891144,0.02391435039765941,,0.022466595669174316,0.022823726846496268,0.02276043726615806,,,0.02150594092533591,0.02235594979591325,,,,0.042054386833154725,0.022951223710927456,,,,,,,0.026210337201344826,0.07844047576298654,,0.09173481940429005,,0.042054386833154725,,,,0.08253598013035522,0.022951223710927456,,0.028841840041484212,,,,,,,,,,,,,,,,,,,,,,,,,,,,,,,,,,,,,,,,
849,0.07808609555387212,0.058434199146174766,0.11018948954412354,,,0.025498948511397335,,0.022444145932950455,0.02426130207232945,0.024122916617509763,0.023372359828684366,0.02275453051173234,,0.024956612375848754,0.02478875381316114,,0.02328369512780041,0.023519569767121485,0.02358791823796404,,,0.0223001062078875,0.023168018296519537,,,,0.049142242616761776,0.02132576034349608,,,,,,,0.024245548938012427,0.07008568493361209,,0.08145032543521848,,0.049142242616761776,,,0.05181752873540828,0.07344991481495844,,,0.02457209002069369,,,,,,,,,,,,,,,,,,,,,,,,,,,,,,,,,,,,,,,,
850,0.07862941313302096,0.05884078020768651,0.11095618028825809,,,0.025156251265217,,0.0221317800966352,0.023930567008068716,0.02375910721409353,0.023142868926849122,0.02239481327050454,,0.025134042450269168,0.02495997522571652,,0.02294099484742255,0.02332283827312262,0.022416519985688305,,,0.021953988353995983,0.022000652555589636,,,,0.04948417089609371,0.02147414348906318,,,,,,,0.024414247767947487,0.07057333621648162,,0.08201705109005439,,0.04948417089609371,,,0.052178071468020316,0.07396097417351503,,,0.02474306090059203,,,,,,,,,,,,,,,,,,,,,,,,,,,,,,,,,,,,,,,,
851,0.07871657626401142,0.05890600702839476,0.11107917863825599,,,0.025094825127983743,,0.02207702453115899,0.02387168591000899,0.023702311077537595,0.02308567765048498,0.02234176329410062,,0.025047588298030495,0.02488568179649538,,0.022886067414041023,0.023267032132269536,0.02236294638766978,,,0.021901429631080094,0.021947991136994544,,,,0.049539025626631684,,,,,,,,0.02444131171503089,0.07065156893759661,,0.08210796952226397,,0.049539025626631684,,,0.052235912470477035,0.07404296219584916,0.021497948239820746,,0.02477048934718026,,,,,,,,,,,,,,,,,,,,,,,,,,,,,,,,,,,,,,,,
852,0.07876817868256622,0.058944622686929966,0.11115199626499818,,,0.025056689282265204,,0.022043509450298353,0.023835429251678905,0.023666265565796377,0.023050622657624496,0.022307702093871676,,0.025010799382776568,0.024849129399498564,,0.022851270993751494,0.023231655399954244,0.022328939206179104,,,0.021868129527177416,0.021914619777377867,,,,0.049571500788236876,0.021512041156151608,,,,,,,0.024457334144575047,0.07069788436447244,,0.08216179515863008,,0.049571500788236876,,,0.052270155568269444,0.0740915008405363,,,0.024786727568146746,,,,,,,,,,,,,,,,,,,,,,,,,,,,,,,,,,,,,,,,
853,0.09194599363555894,0.0677995204888667,0.11365803242182664,,,0.023173133029052984,,0.02047768586526359,0.022138459887602803,0.021876718078874594,0.021413051849878236,0.020608281203017425,,0.023227279113777907,0.023075500231101206,,0.02120991248269825,0.021471045417178154,0.02012551988647289,,,0.020209905972016915,0.019739251907390117,0.019276234058263654,,,0.04367659252285479,0.022761687938698906,,,,,,,0.022761687938698906,0.08225123851201875,,0.09631021499104811,,0.04367659252285479,,,,0.0866154598675079,,,0.03052100017747688,,,,,,,,,,,,,,,,,,,,,,,,,,,,,,,,,,,,,,,,
854,0.07872186708625901,0.05872399811007058,0.11086924790083542,,,0.025132088610417193,,0.022217345479976613,0.024011836293475298,0.023732076126324136,0.023297702062405966,0.022348741898728184,,0.025189663945779955,0.02502479301822004,,0.02300118705518412,0.023126395322270413,0.021824495332219366,,,0.021930735935470954,0.02140489056254845,,,,0.049297084599306526,0.02139995832767693,,,,,,,0.0243244651051283,0.0722598239409749,,0.0821001701858753,,0.049297084599306526,,,0.05196837848783909,0.07407503711342937,,,0.02472093290027737,,,,,,,,,,,,,,,,,,,,,,,,,,,,,,,,,,,,,,,,
855,0.07102182995058136,0.05147468857004266,0.1041888938451839,,,0.024237500968367725,,0.021420375434668074,0.023157449384540136,0.02290322723848406,0.022469488929251404,0.02176928081675048,,0.0242730220915505,0.024114755390246365,,0.02219987122105622,0.022308585284419293,0.021068451333429845,,,0.021170630671178466,0.020653099783634978,,,,0.04127752996185027,,,,,,,,0.020438427158381837,0.0635316687146202,,0.08347942561002393,,0.04127752996185027,,,0.043144185688550815,0.07694072053106431,,,0.03453864092920873,0.07694072053106431,,,,,,,,,,,,,,,,,,,,,,,,,,,,,,,,,,,,,,,
856,0.07126820111004421,0.05165325167824213,0.10455031988275082,,,0.023858965414418447,,0.021581511206786332,0.022517970915390942,0.02294417386935222,0.022461981562248608,0.021800387519175603,,0.024302147863335087,0.02414513767671102,,0.02183299203251931,0.021936274232634168,0.020721382930006096,,,0.02087273313888394,0.020313181740807262,,,,0.041420719639214815,,,,,,,,0.02050932703522409,0.06375205688111381,,0.08376901154287225,,0.041420719639214815,,,0.04329385070083739,0.0772076240245442,,,0.03465845373912818,0.0772076240245442,,,,,,,,,,,,,,,,,,,,,,,,,,,,,,,,,,,,,,,
857,0.05611924559763028,0.04785108612220023,0.09100891365874308,,,0.0174886637038019,,,0.01650953096321372,0.016498274818855407,,,,0.017868406361494348,0.017750898785893875,,,,,,0.06160720182604259,,,,,,0.04212074504979543,0.018203360947042363,,,,,,,0.020752987356593606,0.04832548022645847,,0.0657340762464474,,0.04212074504979543,,,0.0445488939823279,0.059031923587444475,0.018203360947042363,,0.020321274009802985,,0.054727337134356666,0.05472733713435666,0.05472733713435666,0.037917639785434706,0.037917639785434706,0.037917639785434706,,,,,,,,,,,,,,,,,,,,,,,,,,,,,,,,,
858,0.05688526523594207,0.04850424657177161,0.09225117225259284,,,0.017875098262408642,,,,0.016555012738666733,,,,0.018014460618667266,0.017892893154403833,,,0.016540911850853143,,,0.06004638534574272,,,,,,0.042695687167154,0.018451834208224292,,,,,,,0.02103626265189549,0.04898511608738455,,0.06663133694150547,,0.042695687167154016,,,0.04515697998370091,0.05983770086177786,0.018451834208224292,,0.020598656479956533,,0.05334082180513547,0.0533408218051355,0.05334082180513547,0.036956997598855755,0.03695699759885575,0.03695699759885575,,,,,,,,,,,,,,,,,,,,,,,,,,,,,,,,,
859,0.05527490649046031,0.04713114516605813,0.08963964391741257,,,0.018358777052409004,,,,0.017002793468260176,,,,0.018503557167424235,0.018378637093710813,,,0.016987306253611344,,,0.06260983882652328,,,,,,0.0414870196336758,0.017929483253822494,,,,,,,0.020440749395637916,0.047598401799201585,,0.06474507771915947,,0.0414870196336758,,,0.043878635981353685,0.05814376193941169,0.017929483253822494,,0.020015531368909076,,0.055618006593807605,0.055618006593807605,0.055618006593807605,0.0385347369346791,0.0385347369346791,0.0385347369346791,,,,,,,,,,,,,,,,,,,,,,,,,,,,,,,,,
860,0.05530394219865249,0.04715590298592058,0.08968673129771751,,,0.018328767575293812,,,,0.016975000498171623,,,,0.018473311030996937,0.01834859515313396,,,0.016959538599109564,,,0.06258238621108701,,,,,,0.041508812614837236,0.017938901546441125,,,,,,,0.020451486847265873,0.04762340506728118,,0.06477908807400026,,0.041508812614837236,,,0.04390168526992093,0.05817430464698117,0.017938901546441125,,0.020026045455047593,,0.05559361969591792,0.05559361969591792,0.05559361969591792,0.03851784055970301,0.03851784055970301,0.03851784055970301,,,,,,,,,,,,,,,,,,,,,,,,,,,,,,,,,
861,0.057492818267445164,0.04859861634415502,0.10479777810108704,,,0.0251731309895338,,0.022254944274126325,0.023267646618501312,0.02378005654265764,0.02222928816155323,0.02153486425564366,,0.025263761855613402,0.025096669878171066,,0.023054047539914812,0.023321407413417043,0.02187377924605984,,,0.022019081315260886,0.021438412846775362,0.02098260594418182,,,0.0571771013247352,,,,,,,,,0.05042423801468203,,0.07621551227455077,,0.0571771013247352,,,0.05976030444385376,0.07004449252916982,,,0.021273245378950086,,,,,,,,0.0757490951152258,,,,,,,,,,,,,,,,,,,,,,,,,,,,,,,,
862,0.055935356164457696,0.04728209533345153,0.10195883972950692,0.029015869303215463,0.027304475556210402,0.022902002429420067,0.02659847603084124,,0.021124886327202993,0.021186749325417635,,,0.025609588768613405,0.022751230409706173,0.022609859166267843,,,,,0.024602680638121998,0.02391223748146478,,,,0.02313763538243664,,0.05562819189299191,,,,,,,,,0.04905826149541377,,0.07415085836464487,,0.055628191892991896,,0.02419651889394409,0.05814141686382017,0.06814700957521724,,,,,0.022537290971787007,0.0228832017055052,,,,,0.0736970762973492,,,,,,,,,,,,,,,,,,,,,,,,,,,,,,,,
863,0.0551111934631627,0.04658543150425675,0.10045655783600622,0.029837623355502746,0.028077761484659507,0.02337164351912719,0.02735176745335904,,,0.021657259485464604,,,0.026334874064328696,0.023223536273231076,0.023078324466991033,,,,,0.025299449440746358,0.024589452347726668,,,,0.02379291285963963,,0.054808555011376464,,,,,,,,,0.04833542727950173,,0.07305830481848581,,0.054808555011376464,,0.024881784851153946,0.05728474962389558,0.06714291793536861,,,,,0.02317556618560564,0.023531273404970778,,,,,0.0726112088667354,0.021593869457327365,,,,,,,,,,,,,,,,,,,,,,,,,,,,,,,
864,0.07036862687379536,0.05983772786695454,0.10673139419342977,0.028846578579645454,0.028213193056904787,0.023366323756377053,0.02629640541374767,,0.021470770969669456,0.021784763012418593,,,0.025218857083085786,0.022954183929347175,0.022869906796527912,,,,,0.025363501466564978,0.02298940641847769,,,,0.022535533138024443,,0.05236187142465081,,,,,,,,,0.060462700569846824,,0.08264286813510781,,0.05236187142465081,,0.023717361090870272,0.05548917172534931,0.07414391045920721,,,0.025955451150672552,,0.021889022644714613,0.022128598819959055,,,,,,,,,,,,,,,,,,,,,,,,,,,,,,,,,,,,,
865,0.07360979416214913,0.06305016268940564,0.11280985508521696,0.027122707612322716,0.02652411198967462,0.021887229295397652,0.024696136352215216,,0.020104364294191775,0.02040124363476495,,,0.023693598665409456,0.021497409577512467,0.02141861549566986,,,0.019781401398434127,,0.0238166246187309,0.02206292025398643,,,,0.021202845755653933,,0.05632311089324878,,,,,,,,,0.06305016268940564,,0.08265460690834521,,0.05632311089324878,,0.022291385169811887,0.05977327378778586,0.07360979416214913,,,,,0.02103584491806291,0.021259689697205892,,,,,,,,,,,,,,,,,,,,,,,,,,,,,,,,,,,,,
866,0.07362856944133328,0.06306624457661336,0.11283862892636212,0.02704226777788127,0.026141613110253738,0.02209159491930235,0.024629446259603276,,0.02029926126910143,0.020596482339082324,,,0.023487493316931382,0.021691716193445825,0.021612070460153104,,0.019903011030282265,,,0.023750382072393723,0.02198974078728432,,,,0.021018203099491213,,0.05633747694526097,,,,,,,,,0.06306624457661336,,0.0826756892023283,,0.05633747694526098,,0.02222815893616729,0.05978851985545783,0.07362856944133328,,,,,0.020963840383874492,0.021187298134188393,,,,,,,,,,,,,,,,,,,,,,,,,,,,,,,,,,,,,
867,0.07403708303176335,0.06341615519150667,0.11346469179559439,0.027069651392977307,0.026167934096977645,0.02159281486986661,0.024655148859343664,,0.01920856657827041,0.020104536303190486,,,0.023512886593199084,0.02103517900117768,0.02095971118500917,,0.019368110270747117,,,0.023775119181679998,0.02201483317332242,,,,0.021155305503635945,,0.056650054320555705,,,,,,,,,0.06341615519150667,,0.08313439895173111,,0.056650054320555705,,0.022253001088687014,0.06012024466143973,0.07403708303176335,,,,,0.020988554701546657,0.021212726703952023,,,,,,,,,,,,,,,,,,,,,,,,,,,,,,,,,,,,,
