threshold,PDA1,PDB1,KGD2,PDX1,AIM22,LPD1,IRC15,PYC1,PYC2,MAE1,PTC6,PKP1,PGI1,NQM1,TAL1,TKL2,TKL1,ZWF1,TPI1,PGK1,GPM1,FBA1,ENO1,ENO2,CDC19,PKP2,PYK2,PFK1,LSC1,YMR31,KGD1,HSP104,BTN2,SIS1,HSP78,HSP26,CUR1,YJL144W,MDH1,HSP82,HSC82,AHA1,STI1,SBA1,CPR6,FES1,CDC42,BNI1,BEM1,CDC24,CLA4,HOG1,KSS1,FUS3,STE11,PBS2,RGA1,STE7,RSR1,SPA2,BOI2,BUD6,GIC2,BEM3,STE12,ACT1,GPA1,SHO1,STE20,SLT2,RHO3
824,0.10219939355881048,0.09196909683732447,0.07278446549535611,0.07278446549535611,0.06519851074154347,0.06519851074154347,0.05470095579364111,0.046112078925095966,0.046112078925095966,0.046112078925095966,0.02496079267712849,0.024403413164777683,0.02345563499160714,0.022873879662978044,0.02286092510308763,0.02278869161404927,0.022709876698811512,0.02265547779914105,0.02223204377291576,0.022058492114605296,0.021744720543270712,0.02143162518837422,0.021280031495298734,0.021280031495298734,0.02009272823979252,,,,,,,,,,,,,,,,,,,,,,,,,,,,,,,,,,,,,,,,,,,,,,
825,0.10268040833618881,0.0924019613886727,0.0731270350767177,0.0731270350767177,0.06550537603729198,0.06550537603729198,0.05495841297765384,0.04632911143973456,0.04632911143973455,0.04632911143973455,0.025078273903921353,0.024518271012187242,0.023151972174818732,0.022767414018837723,0.022568834341725307,0.022682719149759827,0.022419892008936935,0.022365729664276062,0.02194290936815962,0.021758093338365477,0.02146166876021528,0.021153120895889454,0.02100293743625794,0.02100293743625794,0.019832287240652793,,,,,,,,,,,,,,,,,,,,,,,,,,,,,,,,,,,,,,,,,,,,,,
826,0.10326852197935871,0.09424970808570417,0.07458285602947096,0.07458285602947097,0.06679407103231311,0.06679407103231311,0.056004043257561004,0.047136844510104595,0.047136844510104595,0.047136844510104595,0.02100754056102578,0.020459309657239303,0.022986620248446592,0.022609108538474428,0.02244446007913727,0.022528441626961326,0.022301981582257012,0.021646282587491322,0.02183332630959529,0.02161054609454194,0.020770635964495552,0.021086495931437223,0.02030722719103605,0.02090599713632829,0.019815365515026877,,,,,,,,,,,,,,,,,,,,,,,,,,,,,,,,,,,,,,,,,,,,,,
827,0.10753670823184783,0.09814513818039386,0.0776654364196502,0.07766543641965018,0.06955473352910845,0.06955473352910845,0.05831874364189988,0.04908505513486747,0.04908505513486747,0.04908505513486748,0.021875802196832866,0.021304912388262227,0.02070969545479295,0.01963246053510449,0.01978367623044786,0.01974993573481192,0.01966949625276412,0.01968335733929826,0.019286218374680877,0.01910649578386835,0.019210684436532132,0.018962596172103212,0.018796451157270824,0.018796451157270834,0.017735671429697966,,,,,,,,,,,,,,,,,,,,,,,,,,,,,,,,,,,,,,,,,,,,,,
828,0.1042720659123493,0.09516560889383667,0.07530763809508868,0.07530763809508868,0.06744316316086724,0.06744316316086724,0.05654827994030644,0.04759491143526009,0.04759491143526009,0.04759491143526009,0.021211687860444722,0.020658129352594316,0.022421344405655453,0.02182806439060587,0.021840301118971242,0.02192426915712999,0.02170312397895962,0.021108789813660222,0.021442174321468506,0.021040216248707284,0.020423345978665915,0.02056486505660467,0.019836241613249053,0.02042124397426741,0.019303911164831287,,,,,,,,,,,,,,,,,,,,,,,,,,,,,,,,,,,,,,,,,,,,,,
829,0.1051844898299162,0.09371052371849274,0.07416738756541685,0.07416738756541685,0.0664482913723655,0.0664482913723655,0.055774857382712976,0.04706976550915773,0.04706976550915773,0.04706976550915773,0.02123952670988366,0.02069149298062243,0.02297284414429046,0.022360442165627062,0.022375651148713687,0.022458770583155263,0.022235563056436907,0.021627882956290912,0.022145910593196844,0.02155954590245778,0.021122448500839868,0.021074735079748764,0.020329986112626566,0.020928018729350642,0.01976665600259927,,,,,,,,,,,,,,,,,,,,,,,,,,,,,,,,,,,,,,,,,,,,,,
830,0.1086228363240325,0.09479748853074588,0.08962315406196386,0.08962315406196386,0.07988943525398337,0.07988943525398338,0.0660915128667678,,,0.035133396968369465,0.024139854727397565,0.023419705503346502,0.022160962668211413,0.021603666057785673,0.02156720971698292,0.02148063456829609,0.021433545827778604,0.02089158199714922,0.021358163583022706,0.020753808096622813,0.020371843468402765,0.020355684864949108,0.019602850423605767,0.02018136899226667,0.019057165631519504,0.01933751709780803,0.018614023453044533,,,,,,,,,,,,,,,,,,,,,,,,,,,,,,,,,,,,,,,,,,,,
831,0.10875265636343175,0.09491078527489734,0.08973026672616183,0.08973026672616186,0.0799849147128452,0.0799849147128452,0.06617050180771869,,,0.03517538647198597,0.02416870535400479,0.023447695447211467,0.02209593963208896,0.021540278199618852,0.021503928826279575,0.021417607699906874,0.021370657123643416,0.02083028348267609,0.021295496059821634,0.020692913828005095,0.02031206993177625,0.020295958739686076,0.019545333208750036,0.020122154331575635,0.019001249524092115,0.019360628234623062,0.01855940758019223,,,,,,,,,,,,,,,,,,,,,,,,,,,,,,,,,,,,,,,,,,,,
832,0.10639931098669043,0.0937662493238818,0.08219120781371803,0.08219120781371803,0.07341776347355733,0.07341776347355733,0.06111049708122874,,0.0403122339543658,0.040312233954365784,0.02272398043031872,0.022085374737962658,0.023127668218438865,0.02255358497321871,0.022508144699270916,0.022425135425382447,0.022368657260703695,0.021803080034019536,0.02228970178826053,0.021658522757428734,0.02126035634639368,0.021243525852020204,0.0204578452437997,0.021061586797059707,0.01988840296366659,,0.019425964596971934,,,,,,,,,,,,,,,,,,,,,,,,,,,,,,,,,,,,,,,,,,,,
833,0.10500664014997772,0.09253893384890058,0.081115399172714,0.081115399172714,0.07245679129114269,0.0724567912911427,0.060310615894848776,,0.0397845832386764,0.0397845832386764,0.022426544060234574,0.021796297139337232,0.023993136705632596,0.02305974380960203,0.02288454003209596,0.022918335308925952,0.022774699875740288,0.02284486622113917,0.0223157434705285,0.022054110037888274,0.02223292506295353,0.021982421971563502,0.02182411192475223,0.02182411192475223,0.020504257549298383,,0.01999441760676235,,,,,,,,,,,,,,,,,,,,,,,,,,,,,,,,,,,,,,,,,,,,
834,0.10727780876894821,0.09370216178481676,0.08858811959273506,0.08858811959273506,0.07896577254132812,0.07896577254132812,0.06532480687784649,,,0.034718447964189575,0.02384692856133827,0.023135255161062667,0.022853832541162543,0.022346277317325716,0.022261761451672208,0.022216640121668622,0.022142196062840205,0.021580130742773432,0.02167970055008952,0.021387962632583,0.020620600517544063,0.021005866607526718,0.020220546164437643,0.020822890124955765,0.01965375998117334,,0.019193821174030942,0.018900820623887937,,,,,,,,,,,,,,,,,,,,,,,,,,,,,,,,,,,,,,,,,,,
835,0.10697323780821041,0.09343613325789674,0.0883366102731103,0.0883366102731103,0.07874158189571087,0.07874158189571087,0.06513934411141686,,,0.03461987929306251,0.02377922507236959,0.023069572174318455,0.022823967678290202,0.022257331936377953,0.022208786357214693,0.022130469431507982,0.022091401700503912,0.02153330125461763,0.022061496166606107,0.02176681275659611,0.02101430666354503,0.021395548661574195,0.020226448187074926,0.021215948174425833,0.02006021957125263,,0.0191880950030569,0.01885209040243895,,,,,,,,,,,,,,,,,,,,,,,,,,,,,,,,,,,,,,,,,,,
836,0.10644488581907063,0.09297464244135392,0.08790030653296042,0.08790030653296044,0.07835266900240198,0.07835266900240198,0.06481761409054723,,,0.03444888809504845,0.023661776997275202,0.022955629148972638,0.02347836587269758,0.022585978430938593,0.02170709526905015,0.022451974010012504,0.02233722550345857,0.02177541769702077,0.021898809101475993,0.021598828041808602,0.021189698286084944,0.021589060542580668,0.02077848820445767,0.021403075104839353,0.020236037832084722,,0.019755602782683183,0.019404955657813715,,,,,,,,,,,,,,,,,,,,,,,,,,,,,,,,,,,,,,,,,,,
837,0.10657959238101057,0.09321387624773111,0.08812725709914697,0.08812725709914697,0.0785533582830702,0.07855335828307018,0.0649796640187704,,,0.034523619022696544,0.02297088803859702,0.02297088803859702,0.023197733444153035,0.022437544840441512,0.02184518167697148,0.022307576738994202,0.022439878459605347,0.021046797693875036,0.022425719419084153,0.02213391291587649,0.021351236832709976,0.021742643987454513,0.020543682571405587,0.02156123761311253,0.020425866355164524,0.018416640895052353,0.01952458804426228,,,,,,,,,,,,,,,,,,,,,,,,,,,,,,,,,,,,,,,,,,,,
838,0.10655081333393544,0.0931887062646916,0.0881034606253193,0.0881034606253193,0.07853214699162656,0.07853214699162656,0.0649621179504477,,,0.03451429681724557,0.022964685347692963,0.022964685347692963,0.023591328081843003,0.022494716358606566,0.020804417863360156,0.022360589615861202,0.022407379194772085,0.02104559317754464,0.022435358854089964,0.021183518549664045,0.02177074505957871,0.022124539508711943,0.02093934106621127,0.021358890089330094,0.02076507687228222,,0.01983361279125723,0.018468372621288955,,,,,,,,,,,,,,,,,,,,,,,,,,,,,,,,,,,,,,,,,,,
839,0.10214452370762368,0.09120873095775091,0.07171250708514854,0.07171250708514854,0.06425991715641485,0.06425991715641485,0.05396332667243021,0.04876975249044769,0.04619930963392918,0.04619930963392918,,0.020017566365986377,0.024870654104856622,0.02371457460134893,0.02193261348990188,0.02357317434556603,0.023622501260471676,0.022186867417315518,0.02365199821911904,0.022332272297039327,0.022951343311550392,0.023324323558278553,0.022074853396751883,0.022517153999660693,0.02189113908973892,,0.02090916296317654,,,,,,,,,,,,,,,,,,,,,,,,,,,,,,,,,,,,,,,,,,,,
840,0.10655109124905902,0.09318894932760226,0.08810369042444877,0.08810369042444877,0.07853235182602111,0.0785323518260211,0.06496228739030908,,,0.034514386840444514,0.02296474524618803,0.02296474524618803,0.023459777188216492,0.0223786838322056,0.020625794471020267,0.02223995864840439,0.022260260643082612,0.021488339689806853,0.022266209515308524,0.02104565329371424,0.022183671649803356,0.02197389951418908,0.02134951372382191,0.021785939846996696,0.020540517514449776,0.01841171598306379,0.019571774685185683,,,,,,,,,,,,,,,,,,,,,,,,,,,,,,,,,,,,,,,,,,,,
841,0.09844509273628729,0.08869790145333686,0.08333977710499978,0.08333977710499978,0.06634207038986574,0.07603889575910416,0.05460672781752475,,,0.040075871340150705,0.01841569664412522,0.01841569664412522,0.023195547068417692,0.022126630188964123,0.02039348381860876,0.021989467482574396,0.02200954081359384,0.021246314093188355,0.02201542268300006,0.020808613723967802,0.021933814450795137,0.021726405002433988,0.02110905173973602,0.021540562346199596,0.020309167346030506,,0.019351335576653174,,0.07252713667131697,,,,,,,,,,,,,,,,,,,,,,,,,,,,,,,,,,,,,,,,,,
842,0.09877447308380118,0.08899466937535724,0.08361861766456029,0.08361861766456029,0.06656403954640197,0.07629330882544967,0.05478943253631977,,,0.040209958312513075,0.018477312397554405,0.018477312397554405,0.023024723898234185,0.022019137595537825,0.020290279028236862,0.021881930940773574,0.021895440502245345,0.021137839075782795,0.021848480523752305,0.020643943079536296,0.021812274928266418,0.0210960262694106,0.02094452247729705,0.021374094401476702,0.0201987049483527,,0.019245060531239738,,0.07276979999578535,,,,,,,,,,,,,,,,,,,,,,,,,,,,,,,,,,,,,,,,,,
843,0.0988731034826089,0.08908353423545937,0.08370211431456023,0.08370211431456023,0.06663050649440729,0.07636949085144165,0.05484414205197491,,,0.040250109619835564,0.018495762758601833,0.018495762758601833,0.02294351588952654,0.022122142312638232,0.020223506841151418,0.021984509756048255,0.021821192083727896,0.02106701443820137,0.021769366998557967,0.020555540150556318,0.02173324847997513,0.021020735484719322,0.02086921641350739,0.021296506506433156,0.02012649719522697,,0.019177902915275262,,0.07284246365240292,,,,,,,,,,,,,,,,,,,,,,,,,,,,,,,,,,,,,,,,,,
844,0.09501326239187191,0.08624487040592897,0.07940575888193792,0.07645614509273793,0.06116977922056785,0.07287587569934728,0.05029700718097842,,0.03332086952967208,0.04207735221925152,,,0.02425812248285267,0.02340013062451996,0.02138451319983764,0.02325390502960468,0.023073871528549027,0.022275633175437123,0.02295993293525114,0.021675619825071265,0.02251937224203346,0.02216610794167563,0.022058011054544514,0.022458288949134084,0.02121850576883581,,0.020269702845264026,,0.06744758601992056,0.022719775755174376,,,,,,,,,,,,,,,,,,,,,,,,,,,,,,,,,,,,,,,,,
845,0.09531034378031315,0.08651453534744474,0.07965403972721176,0.07669520327437722,0.06136104097165415,0.07310373932376785,0.050454272644258,,0.03342505509213722,0.042208916991416365,,,0.0240557778203731,0.023541089920396746,0.021168330337712597,0.0233830251170077,0.022887881777518097,0.02204945932248577,0.02275279734494579,0.021468417047925813,0.022316632868588367,0.021967436375665728,0.021859248815036435,0.022254749446204532,0.021028125308025575,,0.02009059003393075,,0.0676584768155567,0.02279081449604597,,,,,,,,,,,,,,,,,,,,,,,,,,,,,,,,,,,,,,,,,
846,0.09395595538907668,0.0858440940741475,0.07258621121894275,0.07004579013222605,0.05622098716348294,0.06670560568386714,0.04658366383058215,0.04021039158481718,0.03849587456300685,0.04644007199667433,,,0.024764493136703942,0.024234641844358112,0.021791977597988763,0.02407192024092829,0.023562189317902795,0.022699065818494603,0.023423125117680625,0.022100905263141936,0.02297411065380078,0.022614626366203972,0.022503251455665365,0.022910404063211872,0.021647641941027584,,0.020682485626644098,,0.06293051591942352,,,,,,,,,,,,,,,,,,,,,,,,,,,,,,,,,,,,,,,,,,
847,0.09407947092949162,0.08595694567176143,0.07268163385679742,0.07013787310436066,0.05629489589639299,0.06679329761250147,0.046644903231413265,0.040263252611309114,0.03854648166641723,0.046501122630088945,,,0.024695306230362275,0.02416693523367749,0.021731095289404895,0.024004668240979028,0.023496361401436124,0.022635649291769894,0.023357685718020785,0.022039159874126045,0.022909925708309943,0.022551445745962195,0.022440381994043374,0.0228463971008476,0.021587162876617744,,0.020624703010700206,,0.06301324507320831,,,,,,,,,,,,,,,,,,,,,,,,,,,,,,,,,,,,,,,,,,
848,0.10190652586449746,0.0902328939302823,0.08312177153250402,0.07941079700238064,0.07107564333382192,0.07478661786394533,0.05869844883542163,,0.038105870344380455,0.03810587034438045,0.02079631688468647,0.02079631688468647,0.024560180006832584,0.024034700117337913,0.021612188448881058,0.023873321006965036,0.023367795488819048,0.02251179296954382,0.023229878602286824,0.021918567385181883,0.022784568617637235,0.022428050163402456,0.022317594123136525,0.02272138762201386,0.021469043596418193,,,,,0.026133859030556518,,,,,,,,,,,,,,,,,,,,,,,,,,,,,,,,,,,,,,,,,
849,0.09953634448790052,0.08910090256830593,0.07357568933945458,0.07053671397264259,0.06330978488133408,0.06634876024814608,0.052784767405235904,0.046807798203420826,0.04439115935872715,0.04439115935872715,,,0.025317518918251136,0.02477904160160159,0.022284451808178656,0.024612377382701164,0.024088678555629846,0.02320606129552371,0.02395127773814743,0.022592627944999798,0.02335222380883952,0.023118027459892904,0.02300317369001892,0.02342008596805037,0.02214143695160011,,0.021153482316321727,,,0.022196454736348376,,,,,,,,,,,,,,,,,,,,,,,,,,,,,,,,,,,,,,,,,
850,0.10027427004476723,0.08976146362751818,0.07412115222345943,0.07105964701991897,0.06377914015557112,0.06684064535911156,0.05317609410185095,0.04715481386621887,0.04472025895705256,0.04472025895705256,,,0.024988563497289874,0.02496650272294506,0.021984252996292142,0.02479359580419659,0.02377104946610641,0.02298860206121564,0.023600732597197353,0.022245532830788617,0.02316737175903381,0.022788073643884122,0.02185399953161193,0.022267094852290493,0.021807646386531623,,0.02080822651523573,,,0.02236101102285915,,,,,,,,,,,,,,,,,,,,,,,,,,,,,,,,,,,,,,,,,
851,0.10039201860929864,0.08986686737154603,0.07420819009740086,0.07114308987548869,0.06385403376683364,0.0669191339887458,0.053238536927364265,0.04721018611316731,0.0447727723914093,0.0447727723914093,,,0.024929183593533636,0.024882258556189273,0.02193130236729517,0.024721420738783844,0.023714117859071057,0.022933297745450984,0.02354586100638253,0.022194293688893876,0.02311345517427785,0.022735005061358476,0.021803120674200396,0.02221533696080239,0.02175686650333397,,0.02075960976255835,,,0.02238726877520417,,,,,,,,,,,,,,,,,,,,,,,,,,,,,,,,,,,,,,,,,
852,0.10046193288500231,0.08992945179836677,0.07425986962266404,0.07119263482606214,0.06389850252623713,0.06696573732283902,0.05327561292006132,0.04724306388585942,0.04480395271825553,0.04480395271825553,,,0.02489231600098228,0.02484672714179757,0.0218989027970203,0.02468611772264026,0.023679067504412538,0.02289940928545206,0.02351101354175838,0.022161362322094775,0.02307925444288018,0.02270136537962926,0.021770858647553553,0.02218246011775922,0.021724673375991235,,0.020728900943158393,,,0.02240285955326685,,,,,,,,,,,,,,,,,,,,,,,,,,,,,,,,,,,,,,,,,
853,0.10189543727257815,0.09362854508732375,0.08634296460374306,0.08243040133041919,0.07373896710870562,0.07765153038202949,0.06078287332517213,,0.03915645378388454,0.03915645378388454,,0.02040605574595797,0.023128500075945805,0.023182541871809254,0.020438244517741788,0.023031055325078008,0.02209581978189117,0.021371808926968376,0.021834582104816654,0.02056858832042789,0.021429690794906513,0.021169060819349116,0.01970123283143484,0.020086756833405165,0.020170980385890144,,0.019239106784634884,,,0.027362348202001903,,,,,,,,,,,,,,,,,,,,,,,,,,,,,,,,,,,,,,,,,
854,0.10023881239935144,0.08977681989600182,0.0742281896290808,0.07117380712859273,0.06533136170011819,0.06697252745260206,0.05309338650118939,0.04698551348161297,0.044570350286895107,0.044570350286895107,,,0.02494143694098027,0.024998575510661685,0.02204880501078302,0.024834955291630944,0.023829682842301338,0.023120966023428263,0.02355204493182912,0.022179204658156718,0.022950958813805232,0.022826700374865623,0.02124251336488995,0.021658935018701243,0.021764369682236235,,0.020759108030772758,,,0.022350624742617977,,,,,,,,,,,,,,,,,,,,,,,,,,,,,,,,,,,,,,,,,
855,0.09448230668773028,0.08620345844090802,0.07570220204393152,0.06440519782161828,0.05761284515408541,0.06977266468336726,0.04667913376023414,0.039124728496255846,0.037431976684219194,0.037431976684219194,,,0.024097449045525934,0.024132764916458903,0.021296601751418565,0.023975412730057457,0.023023638340297203,0.02233965313743767,0.022770885169958986,0.0216434910481911,0.022179679244599397,0.02207159336537271,0.020533759661024293,0.020946711178601318,0.021048300091918597,,,,,0.031320905179201476,0.06977266468336726,,,,,,,,,,,,,,,,,,,,,,,,,,,,,,,,,,,,,,,,
856,0.094808160662416,0.08650076002624572,0.07596328651882696,0.06462732078237489,0.057811542404867605,0.07001329915672566,0.04684012243423985,0.03925966326590685,0.037561073430588954,0.037561073430588954,,,0.023720625316888882,0.02416123808593293,0.021456376343923503,0.024005138282645,0.022387406230858546,0.022331741517634153,0.022811137956198026,0.021673983558098457,0.02180908236726753,0.021706399022525847,0.020195400961366555,0.020601235300563948,0.02075170794403635,,,,,0.03142892584255307,0.07001329915672566,,,,,,,,,,,,,,,,,,,,,,,,,,,,,,,,,,,,,,,,
857,0.08255486377352227,0.07340924843658855,0.059627870410059125,0.05090618587930073,0.043836403232377856,0.053548297788985615,0.0434060768052451,0.04041063370740337,0.038208041716264,0.038208041716264,0.01651240436555819,0.01651240436555819,0.01743804721672724,0.017816690805923078,,0.0176995233261002,0.01646174832671494,,0.01645052476040234,,,,,,,,,,,0.018433579087365995,,0.061428895456399506,0.054568942782472055,0.05456894278247205,0.05456894278247205,0.03780789682527453,0.03780789682527453,0.03780789682527453,,,,,,,,,,,,,,,,,,,,,,,,,,,,,,,,,
858,0.08367841999858952,0.07440833455082052,0.06043939455199845,0.051599009529231625,0.04443300846537072,0.05427708008687206,0.043996825376208415,0.04096061485915504,0.03872804600378491,0.038728046003784926,0.016737135094527074,0.016737135094527074,0.017822659236218258,0.017961612754094986,,0.017840401924483225,,,0.016506446362480102,,0.016492386841534236,,,,,,,,,0.018684456644268006,,0.05987023112675277,0.053184339266656874,0.053184339266656874,0.053184339266656895,0.036848579231775785,0.036848579231775785,0.036848579231775785,,,,,,,,,,,,,,,,,,,,,,,,,,,,,,,,,
859,0.0812497502041262,0.07224871831305044,0.05868521071407986,0.050101407687920776,0.043143391554119316,0.05270175033111335,0.04271986817690571,0.03977178017426553,0.03760400905937842,0.03760400905937842,,,0.018291450559546927,0.01843569972757411,,0.01831123776882266,0.016914052095493366,,0.016940439725970684,,0.01692500930703561,0.01640744023558393,,,,,,,,0.01814216180315296,,0.062380231982079565,0.05541404064807762,0.05541404064807762,0.05541404064807762,0.038393419858723105,0.038393419858723105,0.038393419858723105,,,,,,,,,,,,,,,,,,,,,,,,,,,,,,,,,
860,0.08129812492831943,0.07229173397541158,0.058720150893900515,0.050131237216904025,0.04316907839822589,0.05273312806003391,0.04274530286237167,0.039795459618101006,0.037626397849033016,0.03762639784903301,,,0.018262830354517097,0.018406853819243677,,0.01828258660320911,0.016887587073636166,,0.016913933416005028,,0.016898527140685696,0.016381767897459164,,,,,,,,0.018152963338804354,,0.06235724785416355,0.05539362322803718,0.05539362322803718,0.055393623228037175,0.03837927372227688,0.03837927372227688,0.03837927372227688,,,,,,,,,,,,,,,,,,,,,,,,,,,,,,,,,
861,0.09478610913679207,0.08648814101718764,0.06893439913777284,0.052000344335766835,0.04560704830009801,0.06335291676601147,0.04395583414231168,0.054051210261339376,0.05171478884852001,0.05171478884852001,,,0.024984477826499013,0.025074429484276656,0.022088160665356238,0.024908589732077005,0.02309327358827394,0.02206269682551991,0.023601843396037794,0.02137347709013609,0.023146631487577975,0.02288127526971262,0.021277748510039857,0.021709852174611743,0.021854065317093194,,0.020825357527934837,,,,,,,,,,,,0.06851254031053317,,,,,,,,,,,,,,,,,,,,,,,,,,,,,,,,
862,0.09227630880941413,0.0841980589933968,0.06710911504183115,0.05062344974196803,0.0443994390227815,0.06167542232418126,0.04279194664945835,0.05262001167702673,0.05034545535478011,0.05034545535478011,,,0.022744647245159396,0.022594911150536176,,0.022454511241291397,,,0.021041179310120495,,,,,,,,,,,,,0.023747941169534124,,0.0227259756973454,0.022382441648696984,,,,0.06669842643175043,0.028816506934149194,0.027116871839219736,0.02641572309865617,0.025433630287605286,0.024433640426155867,0.02403026933996918,0.022978661210192104,,,,,,,,,,,,,,,,,,,,,,,,,
863,0.09099641470488241,0.08303021211363878,0.06617829583362264,0.04992129058853219,0.04378360836177032,0.060819969711850816,0.042198412285711785,0.051890159740004445,0.049647152048872684,0.04964715204887267,,,0.02323141494496726,0.02308419633439102,,0.022939855790992354,,,0.02152731712110444,,,,,,,,,,,,,0.024441916987653554,,0.023390087060285787,0.023036514064649898,,,,0.06577330357114865,0.02965859925837246,0.027909296461847827,0.027187658354758455,0.02617686627006726,0.02514765413721098,0.024732495512157494,0.023650156692633748,,,,,,,,,,,,,,,,,,,,,,,,,
864,,,,,,,,,,,,,,,,,,,,,,,,,,,,,,,,,,,,,,,,,,,,,,,0.07271575486913255,0.058935059516573046,0.0586481954332206,0.05202229188373826,0.05132345740853008,0.04907983638430851,0.04875407664388918,0.0481776057303575,0.04338806052000349,0.04081247242923607,0.03959275942506378,0.03574332624853179,0.034996324868597134,0.03370186416669198,0.03228776115723233,0.03164891666457365,0.031101283623895196,0.03100214877320723,0.03081445186528506,0.030791670649646986,0.030635686966018802,0.02870794661961169,0.02853352434456993,0.02840321815480727,0.02818230565327799
