threshold,PTC6,PKP1,UTH1,CDC42,HOG1,KSS1,STE11,BNI1,FUS3,BEM1,RHO1,CDC24,PBS2,CLA4,SHO1,BEM2,STE7,PTP2,RGA1,ACT1,RDI1,PTC1,STE5,RSR1,STE50,PTP3,SSK1,PDA1,PDB1,PDX1,IRC15,MAE1,PGI1,TAL1,TKL1,TPI1,ZWF1,PGK1,NQM1,TKL2,FBA1,GPM1,ENO2,CDC19,ENO1,PYK2,PFK1,ERR3,TDH1,TDH3,TDH2,ERR1,AIM22,SLT2,GIC2,SPA2,STE20,KGD2,LPD1,PYC1,PYC2,PKP2,LSC1,YMR31,KGD1,HSP104,SIS1,BTN2,HSP78,HSP26,CUR1,YJL144W,MDH1,HSP82,HSC82,AHA1,STI1,SBA1,CPR6,FES1,BOI2,BUD6,BEM3,STE12,GPA1,RHO3,SPT15,STE4,TAF6,TAF10,TAF12,TAF5,TAF9,SKO1,SLN1,PTC7,YPD1,IDH1,ACO1,IDH2,CIT2,FUM1,CIT1,MDH3,MDH2,IDP1,IDP3,TOM40,TOM22,TOM70,ACS1,TIM8,TOM7
800,0.2521576383983607,0.21550324179448022,0.11619725715721461,0.026513927209734223,0.02547930670133952,0.023079576360289317,0.02269210846155793,0.02191023845696938,0.0215008160730896,0.021440022683170388,0.020409886116302272,0.01989920198042483,0.019491684579988042,0.01928757916176225,0.01703517036436664,0.016654200227743266,0.01659873023574698,0.01650873606541732,0.016385798081985627,0.015680556482034348,0.015656680572356467,0.01516888886878722,0.01508898813656892,0.014891647557082553,0.014768118273227387,,,,,,,,,,,,,,,,,,,,,,,,,,,,,,,,,,,,,,,,,,,,,,,,,,,,,,,,,,,,,,,,,,,,,,,,,,,,,,,,,,,,,,,,
801,0.2516362277893529,0.2150576250078506,0.11595698490925019,0.02517791701931991,0.027337712367189522,0.0224859131063501,0.023070570744435543,0.02172672238758222,0.02159389202066019,0.020468883404068876,0.020500989742540682,0.01900975277252592,0.021171434852114278,0.018931742346715897,0.017724821679024567,0.016132493818840837,0.016400593723193788,0.01779705288741651,0.015697080243407796,0.01580141807010329,0.01498130271059663,,0.014638178421637064,,0.01580513336324895,0.01555031614150018,0.015345240471073496,,,,,,,,,,,,,,,,,,,,,,,,,,,,,,,,,,,,,,,,,,,,,,,,,,,,,,,,,,,,,,,,,,,,,,,,,,,,,,,,,,,,,,
802,0.2503942897045462,0.21399621879749797,0.11538468497842023,0.025535917286206373,0.027204939283759635,0.02245533584953998,0.023085107788149338,0.022604577141349516,0.02156810457215472,0.0213861620415453,0.020215258780254937,0.019845001291654167,0.02115432784132712,0.019077409364411057,0.017728611613266162,0.015831134753218092,0.01640424511165894,0.017795215065816435,0.015665221898183618,0.015707523794421373,0.015376638244693994,,,0.014917561066601184,0.01581019102643025,0.015529112656871522,0.015327210048021945,,,,,,,,,,,,,,,,,,,,,,,,,,,,,,,,,,,,,,,,,,,,,,,,,,,,,,,,,,,,,,,,,,,,,,,,,,,,,,,,,,,,,,
803,0.3419806543384909,,0.24181690202685824,0.022378694042996146,0.021961723178180386,0.018055341111254845,0.018658119234540554,0.01981635630181779,0.0173259604181095,0.018709639615085753,0.018347266169564162,0.017366264850553866,0.017376372211903048,0.016726896401598454,0.014659650337104067,0.013958121931415645,0.013467879135357212,0.014369059385249423,0.013710898142742756,0.014024292639956882,0.013474037453512217,,,,,,,0.027206612354502627,0.02539144442890216,0.02188225529833767,0.02188225529833767,0.015453303693628115,,,,,,,,,,,,,,,,,,,,,,,,,,,,,,,,,,,,,,,,,,,,,,,,,,,,,,,,,,,,,,,,,,,,,,,,,,,,,,,,,
804,0.3373508199343964,,0.23854311388038799,0.02302452251120169,0.021520710709607878,0.017826290997088285,0.01831161971165649,0.02007385234946541,0.01712130163958701,0.019255496288589996,0.018080197151513086,0.01785818283874968,0.01670560579567723,0.017141891222936953,0.014053768407978654,0.013506189083008963,0.013040540387707716,0.013835427803439162,0.01404974916040925,0.013961819044477925,0.013850265584066507,,,0.013450856879417935,,,,0.02855794846842106,0.026293276716738225,0.026293276716738225,0.026293276716738225,,,,,,,,,,,,,,,,,,,,,,,,,,,,,,,,,,,,,,,,,,,,,,,,,,,,,,,,,,,,,,,,,,,,,,,,,,,,,,,,,,
805,,0.06013368161387709,,,,,,,,,,,,,,,,,,,,,,,,,,0.15368129581074802,0.12728167134718033,0.10993669567084573,0.10993669567084573,0.0790181316323652,0.0209753144282802,0.020402649813939355,0.020275340914076134,0.020267654491063176,0.019934595046140605,0.019851363238820578,0.019586913713850115,0.019586913713850115,0.019274624827485095,0.01915197751424624,0.019118383905232263,0.01858697703868645,0.01858371747267261,0.018172859275231656,0.018020148963639075,0.01783359570587768,0.01681573029410961,0.01681573029410961,0.016757337602827483,,,,,,,,,,,,,,,,,,,,,,,,,,,,,,,,,,,,,,,,,,,,,,,,,,,,,,,,,,,,,,
806,,0.07282685198134749,,,,,,,,,,,,,,,,,,,,,,,,,,0.16471918739136107,0.13054248547406033,0.13054248547406033,0.13054248547406033,,0.02064829721585614,0.02008456077212633,0.019959236691212648,0.01995167010395405,0.019623803247281933,0.019541869071695056,0.019281542466873344,0.019281542466873344,0.018974122343808117,0.018853387172702997,0.018820317307369366,0.018297195379423873,0.01829398663191839,0.01788953395001277,0.01773920447998402,0.017555559694776415,0.016553563390034963,0.016553563390034963,0.016496081074384834,0.01642746735478696,,,,,,,,,,,,,,,,,,,,,,,,,,,,,,,,,,,,,,,,,,,,,,,,,,,,,,,,,,,,,
807,,0.060073854801535646,,,,,,,,,,,,,,,,,,,,,,,,,,0.15352839876872262,0.12715503920922,0.10982731999510428,0.10982731999510428,0.07893951673958188,0.021012411679169955,0.020438734241734303,0.020311200181470503,0.020303500164136287,0.019969851665360354,0.01988647265303662,0.019621555418730542,0.01962155541873055,0.019308714213628793,0.01918584998454032,0.019152196961373283,0.01861985024079476,0.018616584909864328,0.018205000062547275,0.01805201966524217,0.017865136466633832,0.016845470843065292,0.016845470843065292,0.01678697487760694,,,,,,,,,,,,,,,,,,,,,,,,,,,,,,,,,,,,,,,,,,,,,,,,,,,,,,,,,,,,,,
808,,0.060530958330287016,,,,,,,,,,,,,,,,,,,,,,,,,,0.1546966003611221,0.12812256522054508,0.11066299893877986,0.11066299893877986,0.07954016958230022,0.020694000210524935,0.02013873023275854,0.020013440751729936,0.01997803300049174,0.019679467705073225,0.01955582247334899,0.019708601015082268,0.019708601015082268,0.019000018197010447,0.018878025676580937,0.018844938188980493,0.018321705626700407,0.01831841909897463,0.01791516719833732,0.01776518794629502,0.017582066358564137,0.016579612062504467,0.016579612062504467,0.016522259807641628,,,,,,,,,,,,,,,,,,,,,,,,,,,,,,,,,,,,,,,,,,,,,,,,,,,,,,,,,,,,,,
809,,0.04740964886657135,,,,,,,,,,,,,,,,,,,,,,,,,,0.14544195280439567,0.1267316341697551,0.11352872846592532,0.09481866989171793,0.0669095069071583,0.01901316412073488,0.018492347667855964,0.01837618355867348,0.018119393318602812,0.01806602761300889,0.018005960085369817,0.017584538663040626,0.017584538663040626,0.0174701816789013,0.017092453030011733,0.017328290214279993,0.016869290790214278,0.016841511135382507,0.016492290053791915,0.016328691611743645,0.01615945432214302,0.015258436237981393,0.015258436237981393,,,0.09481866989171793,,,,,,,,,,,,,,,,,,,,,,,,,,,,,,,,,,,,,,,,,,,,,,,,,,,,,,,,,,,,
810,,0.046907334097667175,,,,,,,,,,,,,,,,,,,,,,,,,,0.1439009660504645,0.12538888700640888,0.1123258687450309,0.0938140470060158,0.06620058721880222,0.01959239595591479,0.01871240035356333,0.0186080844049245,0.01837495291397588,0.018285597614393,0.01826153388558396,0.017800509190225893,0.017800509190225893,0.01801494285579817,0.017624630892387257,0.017870250855192584,0.017395172833820704,0.017366271251436437,0.017003100211769265,0.01683307113165004,0.01665652133412982,0.015724158997301674,0.015724158997301674,,,0.0938140470060158,,,,,,,,,,,,,,,,,,,,,,,,,,,,,,,,,,,,,,,,,,,,,,,,,,,,,,,,,,,,
811,,0.04744055486369313,,,,,,,,,,,,,,,,,,,,,,,,,,0.14553676533058435,0.12681424957852797,0.1136027369987681,0.09488048147667634,0.06695312471655639,0.01911445294773446,0.01825646160388956,0.01815399285083523,0.017921424776974438,0.01783109394470576,0.017813250936976586,0.017363953700903403,0.017363953700903403,0.017569192454467027,0.01718498236324672,0.017427212765061123,0.016961170948276625,0.01693265447138306,0.01657779710168396,0.016471173191758358,0.016240211947729444,0.015354312925994078,0.01535431292599408,,,0.09488048147667634,,,,,,,,,,,,,,,,,,,,,,,,,,,,,,,,,,,,,,,,,,,,,,,,,,,,,,,,,,,,
812,,0.04426047153730372,,,,,,,,,,,,,,,,,,,,,,,,,,0.13578099746205463,0.11831350835001639,0.10598760326350767,0.08852035693743547,0.06246505504341395,0.02198168915405121,0.021034097274418267,0.020915616257944695,0.02060025656765054,0.02054450252082711,0.020480545958280392,0.020005848281089977,0.020005848281089977,0.020199308082227512,0.01989901775380978,0.020035123947274785,0.019487996504966732,0.019465481478143924,0.01854465630838996,0.018932392510660166,0.01866708351667251,0.017676093035667605,0.017676093035667605,,,0.08852035693743547,,,,,,,,,,,,,,,,,,,,,,,,,,,,,,,,,,,,,,,,,,,,,,,,,,,,,,,,,,,,
813,,0.04431210345058704,,,,,,,,,,,,,,,,,,,,,,,,,,0.1359393923558048,0.11845152659951075,0.10611124276735245,0.08862362008024564,0.06253792345609051,0.02193533252262076,0.0209897389956714,0.020871507840833744,0.02055681320465933,0.02050117673614307,0.02043735504998264,0.019963658450785283,0.019963658450785283,0.0201567102694136,0.01985705321571734,0.01999287237825394,0.01944689875924904,0.01942443121380005,0.01850554794908838,0.018892466464232954,0.018627716973710347,0.01763881636760801,0.01763881636760801,,,0.08862362008024564,,,,,,,,,,,,,,,,,,,,,,,,,,,,,,,,,,,,,,,,,,,,,,,,,,,,,,,,,,,,
814,,0.059088126109804566,,,,,,,,,,,,,,,,,,,,,,,,,,0.15100921054346506,0.12506860125945296,0.10802520590049923,0.10802520590049923,0.07764422868425964,0.0218728184267865,0.020929919772335787,0.020812025567655438,0.020498227788213155,0.020442749879569243,0.020379110080553712,0.019906763482071776,0.019906763482071776,0.020099265117114858,0.019800462064138796,0.019935894151980535,0.019391476517919382,0.01936907300333421,0.018452808488824357,0.018838624314455984,0.018574629340647703,0.017588547029057044,0.017588547029057044,0.01675171606623199,,,,,,,,,,,,,,,,,,,,,,,,,,,,,,,,,,,,,,,,,,,,,,,,,,,,,,,,,,,,,,
815,,0.06001226211566105,,,,,,,,,,,,,,,,,,,,,,,,,,0.1533709887528441,0.1270246693434396,0.1097147159405908,0.1097147159405908,0.07885858141632526,0.021284058291904145,0.020369060533558175,0.02025441818571392,0.019941881012263834,0.019895688724461468,0.019822734589756266,0.01947093182606267,0.01947093182606267,0.01955382492270128,0.019263021090989325,0.019394599997453955,0.01886509468094995,0.01884330910927163,0.017952884699372014,0.01832781695607909,0.018071259326596138,0.017112086353719847,0.017112086353719854,0.016298378009912302,,,,,,,,,,,,,,,,,,,,,,,,,,,,,,,,,,,,,,,,,,,,,,,,,,,,,,,,,,,,,,
816,,0.05988661970000868,,,,,,,,,,,,,,,,,,,,,,,,,,0.15304988935017932,0.12675872892158055,0.10948501585168524,0.10948501585168524,0.07869348211303669,0.021352672892223774,0.02043752728379021,0.020322602622370196,0.020001066627132257,0.01996339075917943,0.019877935838087085,0.019645080235071118,0.019645080235071118,0.019611946017820642,0.01932015622404159,0.019451928399102873,0.01892100317090714,0.018899163955414598,0.01800717731530399,0.018382764092339604,0.0181257477478677,0.0171638906521527,0.0171638906521527,0.016348223491795474,,,,,,,,,,,,,,,,,,,,,,,,,,,,,,,,,,,,,,,,,,,,,,,,,,,,,,,,,,,,,,
817,0.24566521377534825,0.20995457564162262,0.11320547020090518,0.027341936207050384,0.026013651141287376,0.023263750858346914,0.022747438850966358,0.024125978550242917,0.02249386056433539,0.02425868774645795,0.020993765216294778,0.023217307235925355,0.02031903174298855,0.02166857320423429,0.01655434586625681,0.015829479131001516,0.016249461807606683,0.016694775129430017,0.015670588087869503,0.015671432144724672,0.016677151727796533,,,0.016372450299495734,0.015269053340340687,,,,,,,,,,,,,,,,,,,,,,,,,,,,,0.014915622230225046,0.014826399299246517,,,,,,,,,,,,,,,,,,,,,,,,,,,,,,,,,,,,,,,,,,,,,,,,,,,,,,,,,,
818,0.24553190936358824,0.20984064876214256,0.11314404193281125,0.027369646527798767,0.026100363521719572,0.02335637352784878,0.021845367335484422,0.02457084371486748,0.02257775840072648,0.024558285870921605,0.021347304020309515,0.022981165902262228,0.020323007432183425,0.021969982043337135,0.01652929732141829,0.01612768589293806,0.016371542411454634,0.015306304332922984,0.01584883544733047,0.015632893203748742,0.016955819313511877,,,0.016131282598904065,0.015340224780071524,,,,,,,,,,,,,,,,,,,,,,,,,,,,,,0.015112978848025198,0.015126437493672686,,,,,,,,,,,,,,,,,,,,,,,,,,,,,,,,,,,,,,,,,,,,,,,,,,,,,,,,,
819,0.24474182286733,0.209165411627455,0.11277996062095694,0.027043023216284857,0.026226853407126893,0.023488307605086235,0.02199473004839134,0.024495949662702382,0.022701033086859813,0.02461599462885496,0.022146520359692178,0.023068259802319253,0.02043286077714661,0.02197782007238883,0.0166259326282495,0.016284551608846762,0.016458501801282246,0.015384439455496002,0.015943477383851677,0.015798386935288875,0.01708139083164059,,,0.01616739534542425,0.01544897996033344,,,,,,,,,,,,,,,,,,,,,,,,,,,,,,0.015104921522449676,,0.014823474744541727,,,,,,,,,,,,,,,,,,,,,,,,,,,,,,,,,,,,,,,,,,,,,,,,,,,,,,,,
820,0.3411511738372554,,0.24123037058843974,0.02378681894834096,0.020936580801586963,0.018812560679026254,0.017035777549772445,0.02135439382674922,0.018253028771658346,0.021343479869200706,0.018552832067105708,0.019972813020572945,0.01659702497054063,0.019093998332509438,,0.014016488813671346,,,0.013774141326406761,0.013348280629486408,0.014736215307773205,,,0.014019614692317125,,,,0.023205784584745738,0.02148993670556917,0.01997243760989825,0.017098750237503273,,,,,,,,,,,,,,,,,,,,,,0.017098750237503273,,,0.013146308982468491,,0.01997243760989826,,,,,,,,,,,,,,,,,,,,,,,,,,,,,,,,,,,,,,,,,,,,,,,,,,,,,,,
821,0.3490623984954032,,0.24682445263314584,0.02449294102919072,0.02103716029195109,0.01939290108430105,0.01764227419308034,0.021988308308419795,0.018414299934505086,0.021977070365287867,0.01910358096771878,0.020565714674263543,0.017086875657095792,0.019660811989416417,0.013588408207428111,0.014432574388998235,,,0.014183032711019557,0.013797295943833757,0.015173666277554962,,,0.014435793060713091,,,,0.021097243099346817,0.01985454114306499,0.014563786914357812,,,,,,,,,,,,,,,,,,,,,,,,,0.013524518825046676,0.013536562890498597,,0.014563786914357812,,,,,,,,,,,,,,,,,,,,,,,,,,,,,,,,,,,,,,,,,,,,,,,,,,,,,,,
822,0.33857613971148137,,0.23940954602714226,0.026063755060246753,0.020763865787230194,0.018622476670824464,0.01741079758337713,0.0238443920932796,0.018242487288335565,0.02390976901477063,0.01825367439026792,0.022392464091057385,0.01685167085278393,0.021456188025493896,,,,,0.015329160272105216,,0.016098464784479412,,,0.015940598636783637,,,,0.02119418795220378,0.01976796986463903,0.016607119580192096,0.0142968262867511,,,,,,,,,,,,,,,,,,,,,,0.0142968262867511,,0.014948792187057932,0.014691234964584106,0.014424473007969311,0.016607119580192096,,,,,,,,,,,,,,,,,,,,,,,,,,,,,,,,,,,,,,,,,,,,,,,,,,,,,,,
823,0.3406945055676159,,0.24090745727501914,0.02604227698344755,0.02083615971946818,0.01802380883454921,0.01730789070371376,0.023722553555670673,0.018111629988283716,0.024296764368997612,0.01856208542638023,0.02278605973373457,0.0169445791599251,0.02175026634222531,,0.014500156794776554,,,0.015606043212100766,0.013501617517524267,0.016397075415730773,,,0.016231892822131343,,,,0.02093756522500437,0.019704268858158375,0.014453558552959595,,,,,,,,,,,,,,,,,,,,,,,,,0.015175710902644335,0.014372896133157497,0.014679618353821594,0.014453558552959595,,,,,,,,,,,,,,,,,,,,,,,,,,,,,,,,,,,,,,,,,,,,,,,,,,,,,,,
824,0.02496079267712849,0.024403413164777687,,,,,,,,,,,,,,,,,,,,,,,,,,0.10219939355881051,0.09196909683732447,0.07278446549535611,0.05470095579364111,0.04611207892509597,0.02345563499160714,0.02286092510308762,0.022709876698811512,0.022232043772915752,0.022655477799141056,0.022058492114605296,0.022873879662978037,0.02278869161404927,0.021431625188374215,0.0217447205432707,0.02128003149529873,0.020092728239792513,0.02128003149529873,,,,,,,,0.06519851074154348,,,,,0.07278446549535611,0.06519851074154348,0.04611207892509597,0.04611207892509597,,,,,,,,,,,,,,,,,,,,,,,,,,,,,,,,,,,,,,,,,,,,,,,,,,,,
825,0.025078273903921353,0.024518271012187242,,,,,,,,,,,,,,,,,,,,,,,,,,0.10268040833618881,0.0924019613886727,0.07312703507671768,0.05495841297765384,0.04632911143973455,0.023151972174818732,0.022568834341725307,0.022419892008936935,0.021942909368159624,0.022365729664276062,0.02175809333836548,0.022767414018837712,0.022682719149759816,0.021153120895889454,0.021461668760215283,0.02100293743625794,0.019832287240652793,0.021002937436257942,,,,,,,,0.06550537603729198,,,,,0.07312703507671768,0.06550537603729198,0.04632911143973455,0.04632911143973455,,,,,,,,,,,,,,,,,,,,,,,,,,,,,,,,,,,,,,,,,,,,,,,,,,,,
826,0.02100754056102578,0.0204593096572393,,,,,,,,,,,,,,,,,,,,,,,,,,0.10326852197935871,0.09424970808570417,0.07458285602947096,0.056004043257561004,0.04713684451010459,0.022986620248446582,0.02244446007913727,0.02230198158225701,0.021833326309595287,0.021646282587491315,0.021610546094541935,0.022609108538474414,0.022528441626961323,0.021086495931437223,0.02077063596449554,0.02090599713632829,0.01981536551502687,0.02030722719103604,,,,,,,,0.06679407103231311,,,,,0.07458285602947096,0.06679407103231311,0.04713684451010459,0.04713684451010459,,,,,,,,,,,,,,,,,,,,,,,,,,,,,,,,,,,,,,,,,,,,,,,,,,,,
827,0.021875802196832866,0.021304912388262227,,,,,,,,,,,,,,,,,,,,,,,,,,0.10753670823184783,0.09814513818039382,0.07766543641965018,0.058318743641899866,0.049085055134867474,0.020709695454792947,0.019783676230447855,0.01966949625276412,0.01928621837468087,0.019683357339298255,0.019106495783868346,0.01963246053510449,0.019749935734811916,0.018962596172103212,0.019210684436532136,0.018796451157270824,0.01773567142969797,0.018796451157270824,,,,,,,,0.06955473352910843,,,,,0.0776654364196502,0.06955473352910843,0.049085055134867474,0.049085055134867474,,,,,,,,,,,,,,,,,,,,,,,,,,,,,,,,,,,,,,,,,,,,,,,,,,,,
828,0.02121168786044472,0.020658129352594316,,,,,,,,,,,,,,,,,,,,,,,,,,0.10427206591234932,0.09516560889383668,0.07530763809508867,0.05654827994030643,0.04759491143526008,0.022421344405655453,0.02184030111897125,0.02170312397895962,0.02144217432146851,0.02110878981366023,0.021040216248707288,0.02182806439060587,0.021924269157129986,0.020564865056604674,0.020423345978665918,0.020421243974267412,0.01930391116483129,0.019836241613249053,,,,,,,,0.06744316316086724,,,,,0.07530763809508867,0.06744316316086724,0.04759491143526008,0.04759491143526008,,,,,,,,,,,,,,,,,,,,,,,,,,,,,,,,,,,,,,,,,,,,,,,,,,,,
829,0.021239526709883664,0.020691492980622433,,,,,,,,,,,,,,,,,,,,,,,,,,0.1051844898299162,0.09371052371849276,0.07416738756541688,0.05577485738271298,0.04706976550915774,0.022972844144290457,0.02237565114871368,0.022235563056436904,0.02214591059319684,0.021627882956290912,0.021559545902457778,0.022360442165627055,0.022458770583155256,0.021074735079748757,0.02112244850083986,0.020928018729350642,0.019766656002599272,0.020329986112626562,,,,,,,,0.06644829137236552,,,,,0.07416738756541688,0.06644829137236552,0.04706976550915774,0.04706976550915774,,,,,,,,,,,,,,,,,,,,,,,,,,,,,,,,,,,,,,,,,,,,,,,,,,,,
830,0.024139854727397565,0.0234197055033465,,,,,,,,,,,,,,,,,,,,,,,,,,0.1086228363240325,0.09479748853074588,0.08962315406196386,0.06609151286676782,0.035133396968369465,0.022160962668211416,0.02156720971698292,0.021433545827778604,0.021358163583022713,0.020891581997149227,0.020753808096622813,0.021603666057785676,0.021480634568296086,0.02035568486494911,0.02037184346840276,0.020181368992266677,0.019057165631519504,0.01960285042360577,0.01861402345304454,,,,,,,0.07988943525398338,,,,,0.08962315406196386,0.07988943525398338,,,0.019337517097808034,,,,,,,,,,,,,,,,,,,,,,,,,,,,,,,,,,,,,,,,,,,,,,,,,,,
831,0.02416870535400478,0.023447695447211456,,,,,,,,,,,,,,,,,,,,,,,,,,0.10875265636343175,0.09491078527489732,0.08973026672616184,0.06617050180771868,0.03517538647198596,0.022095939632088956,0.021503928826279578,0.021370657123643423,0.02129549605982164,0.020830283482676088,0.020692913828005092,0.02154027819961885,0.02141760769990687,0.02029595873968608,0.020312069931776255,0.020122154331575638,0.01900124952409212,0.01954533320875004,0.018559407580192238,,,,,,,0.07998491471284519,,,,,0.08973026672616184,0.07998491471284519,,,0.01936062823462305,,,,,,,,,,,,,,,,,,,,,,,,,,,,,,,,,,,,,,,,,,,,,,,,,,,
832,0.022723980430318723,0.022085374737962658,,,,,,,,,,,,,,,,,,,,,,,,,,0.10639931098669045,0.09376624932388179,0.08219120781371805,0.061110497081228746,0.04031223395436579,0.023127668218438875,0.02250814469927092,0.022368657260703702,0.022289701788260535,0.02180308003401954,0.021658522757428744,0.022553584973218712,0.022425135425382443,0.021243525852020207,0.021260356346393686,0.02106158679705971,0.01988840296366659,0.020457845243799705,0.019425964596971934,,,,,,,0.07341776347355736,,,,,0.08219120781371805,0.07341776347355736,,0.04031223395436579,,,,,,,,,,,,,,,,,,,,,,,,,,,,,,,,,,,,,,,,,,,,,,,,,,,,
833,0.022426544060234577,0.021796297139337232,,,,,,,,,,,,,,,,,,,,,,,,,,0.10500664014997775,0.09253893384890059,0.08111539917271399,0.06031061589484879,0.03978458323867641,0.023993136705632596,0.022884540032095963,0.022774699875740285,0.0223157434705285,0.022844866221139168,0.022054110037888274,0.02305974380960202,0.022918335308925952,0.021982421971563505,0.02223292506295352,0.021824111924752226,0.020504257549298386,0.021824111924752226,0.019994417606762353,,,,,,,0.07245679129114269,,,,,0.08111539917271399,0.07245679129114269,,0.039784583238676396,,,,,,,,,,,,,,,,,,,,,,,,,,,,,,,,,,,,,,,,,,,,,,,,,,,,
834,0.02384692856133827,0.023135255161062664,,,,,,,,,,,,,,,,,,,,,,,,,,0.10727780876894823,0.09370216178481675,0.08858811959273508,0.06532480687784649,0.034718447964189575,0.022853832541162546,0.022261761451672205,0.02214219606284021,0.02167970055008952,0.021580130742773443,0.021387962632582996,0.022346277317325712,0.022216640121668622,0.021005866607526718,0.020620600517544056,0.020822890124955758,0.01965375998117334,0.020220546164437636,0.019193821174030946,0.01890082062388794,,,,,,0.07896577254132814,,,,,0.08858811959273505,0.07896577254132814,,,,,,,,,,,,,,,,,,,,,,,,,,,,,,,,,,,,,,,,,,,,,,,,,,,,,,
835,0.023779225072369594,0.023069572174318452,,,,,,,,,,,,,,,,,,,,,,,,,,0.10697323780821043,0.09343613325789672,0.08833661027311028,0.06513934411141686,0.03461987929306251,0.02282396767829022,0.022208786357214693,0.022091401700503912,0.02206149616660611,0.021533301254617634,0.021766812756596116,0.022257331936377953,0.022130469431507985,0.021395548661574205,0.021014306663545028,0.021215948174425847,0.020060219571252633,0.02022644818707493,0.019188095003056908,0.018852090402438956,,,,,,0.07874158189571089,,,,,0.08833661027311031,0.07874158189571087,,,,,,,,,,,,,,,,,,,,,,,,,,,,,,,,,,,,,,,,,,,,,,,,,,,,,,
836,0.023661776997275202,0.022955629148972638,,,,,,,,,,,,,,,,,,,,,,,,,,0.10644488581907063,0.09297464244135391,0.08790030653296044,0.06481761409054723,0.03444888809504845,0.02347836587269758,0.021707095269050153,0.02233722550345857,0.02189880910147599,0.02177541769702077,0.021598828041808606,0.022585978430938593,0.022451974010012504,0.021589060542580675,0.021189698286084944,0.021403075104839357,0.020236037832084722,0.02077848820445767,0.019755602782683183,0.019404955657813715,,,,,,0.07835266900240198,,,,,0.08790030653296042,0.07835266900240198,,,,,,,,,,,,,,,,,,,,,,,,,,,,,,,,,,,,,,,,,,,,,,,,,,,,,,
837,0.022970888038597023,0.022970888038597023,,,,,,,,,,,,,,,,,,,,,,,,,,0.10657959238101058,0.09321387624773113,0.08812725709914697,0.06497966401877041,0.03452361902269656,0.023197733444153035,0.02184518167697147,0.02243987845960534,0.022425719419084153,0.021046797693875033,0.022133912915876484,0.022437544840441512,0.022307576738994195,0.021742643987454506,0.021351236832709976,0.02156123761311253,0.020425866355164524,0.020543682571405587,0.01952458804426228,,,,,,,0.07855335828307021,,,,,0.08812725709914697,0.07855335828307021,,,0.018416640895052357,,,,,,,,,,,,,,,,,,,,,,,,,,,,,,,,,,,,,,,,,,,,,,,,,,,
838,0.022964685347692963,0.022964685347692963,,,,,,,,,,,,,,,,,,,,,,,,,,0.10655081333393544,0.09318870626469161,0.0881034606253193,0.0649621179504477,0.03451429681724557,0.02359132808184301,0.020804417863360163,0.022407379194772085,0.022435358854089957,0.02104559317754464,0.021183518549664042,0.022494716358606563,0.022360589615861206,0.022124539508711943,0.02177074505957871,0.021358890089330094,0.02076507687228222,0.02093934106621127,0.019833612791257234,0.018468372621288955,,,,,,0.07853214699162656,,,,,0.08810346062531928,0.07853214699162656,,,,,,,,,,,,,,,,,,,,,,,,,,,,,,,,,,,,,,,,,,,,,,,,,,,,,,
839,0.020017566365986377,,,,,,,,,,,,,,,,,,,,,,,,,,,0.10214452370762368,0.09120873095775094,0.07171250708514855,0.05396332667243021,0.04619930963392918,0.02487065410485663,0.02193261348990188,0.02362250126047168,0.023651998219119043,0.022186867417315518,0.022332272297039324,0.02371457460134893,0.023573174345566026,0.023324323558278553,0.022951343311550392,0.02251715399966069,0.02189113908973893,0.022074853396751883,0.02090916296317655,,,,,,,0.06425991715641487,,,,,0.07171250708514854,0.06425991715641487,0.04876975249044769,0.04619930963392918,,,,,,,,,,,,,,,,,,,,,,,,,,,,,,,,,,,,,,,,,,,,,,,,,,,,
840,0.022964745246188033,0.022964745246188033,,,,,,,,,,,,,,,,,,,,,,,,,,0.10655109124905907,0.09318894932760226,0.08810369042444877,0.06496228739030908,0.03451438684044452,0.023459777188216485,0.02062579447102026,0.02226026064308261,0.022266209515308517,0.021488339689806853,0.021045653293714234,0.0223786838322056,0.022239958648404393,0.021973899514189075,0.022183671649803356,0.02178593984699669,0.02054051751444977,0.02134951372382191,0.01957177468518568,,,,,,,0.0785323518260211,,,,,0.0881036904244488,0.07853235182602113,,,0.01841171598306379,,,,,,,,,,,,,,,,,,,,,,,,,,,,,,,,,,,,,,,,,,,,,,,,,,,
841,0.01841569664412523,0.01841569664412523,,,,,,,,,,,,,,,,,,,,,,,,,,0.09844509273628732,0.08869790145333686,0.0833397771049998,0.05460672781752477,0.04007587134015072,0.023195547068417692,0.020393483818608754,0.022009540813593832,0.02201542268300006,0.021246314093188355,0.020808613723967796,0.02212663018896413,0.021989467482574396,0.02172640500243398,0.021933814450795137,0.02154056234619959,0.020309167346030506,0.021109051739736012,0.019351335576653177,,,,,,,0.06634207038986575,,,,,0.08333977710499979,0.07603889575910419,,,,0.07252713667131698,,,,,,,,,,,,,,,,,,,,,,,,,,,,,,,,,,,,,,,,,,,,,,,,,,
842,0.018477312397554402,0.018477312397554402,,,,,,,,,,,,,,,,,,,,,,,,,,0.09877447308380116,0.08899466937535723,0.08361861766456027,0.05478943253631975,0.040209958312513054,0.02302472389823419,0.020290279028236862,0.021895440502245348,0.02184848052375231,0.0211378390757828,0.020643943079536292,0.022019137595537818,0.021881930940773574,0.02109602626941061,0.021812274928266425,0.02137409440147671,0.02019870494835271,0.02094452247729706,0.019245060531239748,,,,,,,0.06656403954640196,,,,,0.08361861766456027,0.07629330882544964,,,,0.07276979999578534,,,,,,,,,,,,,,,,,,,,,,,,,,,,,,,,,,,,,,,,,,,,,,,,,,
843,0.01849576275860184,0.01849576275860184,,,,,,,,,,,,,,,,,,,,,,,,,,0.0988731034826089,0.08908353423545937,0.08370211431456023,0.05484414205197492,0.04025010961983558,0.02294351588952653,0.020223506841151415,0.021821192083727882,0.021769366998557964,0.021067014438201356,0.020555540150556315,0.02212214231263822,0.021984509756048244,0.021020735484719315,0.021733248479975126,0.02129650650643315,0.020126497195226956,0.020869216413507384,0.01917790291527525,,,,,,,0.06663050649440731,,,,,0.08370211431456025,0.07636949085144167,,,,0.07284246365240293,,,,,,,,,,,,,,,,,,,,,,,,,,,,,,,,,,,,,,,,,,,,,,,,,,
844,,,,,,,,,,,,,,,,,,,,,,,,,,,,0.09501326239187191,0.08624487040592896,0.07645614509273792,0.05029700718097841,0.04207735221925151,0.024258122482852675,0.021384513199837647,0.023073871528549027,0.022959932935251136,0.022275633175437123,0.02167561982507127,0.023400130624519965,0.023253905029604695,0.02216610794167563,0.022519372242033462,0.022458288949134087,0.021218505768835813,0.02205801105454452,0.020269702845264026,,,,,,,0.06116977922056786,,,,,0.07940575888193795,0.0728758756993473,,0.03332086952967208,,0.06744758601992056,0.022719775755174376,,,,,,,,,,,,,,,,,,,,,,,,,,,,,,,,,,,,,,,,,,,,,,,,,
845,,,,,,,,,,,,,,,,,,,,,,,,,,,,0.09531034378031311,0.08651453534744472,0.07669520327437718,0.050454272644257975,0.04220891699141636,0.024055777820373103,0.0211683303377126,0.022887881777518097,0.022752797344945792,0.022049459322485775,0.021468417047925823,0.023541089920396743,0.023383025117007704,0.021967436375665724,0.02231663286858836,0.022254749446204536,0.021028125308025575,0.021859248815036446,0.020090590033930752,,,,,,,0.061361040971654124,,,,,0.07965403972721172,0.07310373932376783,,0.0334250550921372,,0.06765847681555669,0.02279081449604596,,,,,,,,,,,,,,,,,,,,,,,,,,,,,,,,,,,,,,,,,,,,,,,,,
846,,,,,,,,,,,,,,,,,,,,,,,,,,,,0.09395595538907671,0.08584409407414753,0.07004579013222605,0.04658366383058215,0.04644007199667434,0.024764493136703956,0.02179197759798876,0.023562189317902806,0.023423125117680632,0.022699065818494613,0.022100905263141943,0.024234641844358112,0.02407192024092831,0.02261462636620398,0.022974110653800787,0.022910404063211882,0.021647641941027584,0.022503251455665372,0.020682485626644105,,,,,,,0.056220987163482956,,,,,0.07258621121894275,0.06670560568386716,0.0402103915848172,0.038495874563006856,,0.06293051591942353,,,,,,,,,,,,,,,,,,,,,,,,,,,,,,,,,,,,,,,,,,,,,,,,,,
847,,,,,,,,,,,,,,,,,,,,,,,,,,,,0.09407947092949162,0.08595694567176142,0.07013787310436065,0.04664490323141325,0.04650112263008894,0.024695306230362264,0.02173109528940489,0.023496361401436124,0.023357685718020778,0.022635649291769897,0.02203915987412604,0.024166935233677488,0.024004668240979018,0.022551445745962195,0.022909925708309933,0.022846397100847605,0.021587162876617733,0.02244038199404337,0.020624703010700202,,,,,,,0.05629489589639298,,,,,0.07268163385679742,0.06679329761250145,0.0402632526113091,0.03854648166641722,,0.06301324507320828,,,,,,,,,,,,,,,,,,,,,,,,,,,,,,,,,,,,,,,,,,,,,,,,,,
848,0.02079631688468646,0.02079631688468646,,,,,,,,,,,,,,,,,,,,,,,,,,0.10190652586449742,0.09023289393028229,0.07941079700238061,0.05869844883542159,0.03810587034438044,0.024560180006832587,0.021612188448881048,0.023367795488819038,0.023229878602286824,0.022511792969543823,0.021918567385181886,0.024034700117337916,0.023873321006965032,0.02242805016340246,0.022784568617637235,0.02272138762201387,0.0214690435964182,0.022317594123136532,,,,,,,,0.07107564333382191,,,,,0.083121771532504,0.07478661786394532,,0.03810587034438044,,,0.02613385903055651,,,,,,,,,,,,,,,,,,,,,,,,,,,,,,,,,,,,,,,,,,,,,,,,,
849,,,,,,,,,,,,,,,,,,,,,,,,,,,,0.09953634448790052,0.08910090256830594,0.07053671397264259,0.0527847674052359,0.044391159358727145,0.02531751891825114,0.022284451808178646,0.024088678555629836,0.023951277738147425,0.023206061295523703,0.022592627944999794,0.02477904160160159,0.024612377382701164,0.023118027459892897,0.02335222380883952,0.02342008596805037,0.022141436951600105,0.023003173690018915,0.021153482316321717,,,,,,,0.06330978488133408,,,,,0.07357568933945459,0.06634876024814608,0.046807798203420826,0.044391159358727145,,,0.02219645473634837,,,,,,,,,,,,,,,,,,,,,,,,,,,,,,,,,,,,,,,,,,,,,,,,,
850,,,,,,,,,,,,,,,,,,,,,,,,,,,,0.10027427004476723,0.08976146362751818,0.07105964701991897,0.05317609410185095,0.04472025895705256,0.024988563497289864,0.021984252996292142,0.0237710494661064,0.023600732597197353,0.022988602061215637,0.022245532830788617,0.024966502722945056,0.024793595804196586,0.022788073643884122,0.02316737175903381,0.02226709485229049,0.02180764638653162,0.021853999531611927,0.020808226515235728,,,,,,,0.06377914015557111,,,,,0.07412115222345943,0.06684064535911156,0.04715481386621887,0.04472025895705256,,,0.02236101102285915,,,,,,,,,,,,,,,,,,,,,,,,,,,,,,,,,,,,,,,,,,,,,,,,,
851,,,,,,,,,,,,,,,,,,,,,,,,,,,,0.10039201860929865,0.08986686737154605,0.0711430898754887,0.05323853692736427,0.04477277239140931,0.024929183593533643,0.02193130236729518,0.023714117859071054,0.023545861006382535,0.02293329774545099,0.022194293688893887,0.024882258556189276,0.024721420738783854,0.022735005061358483,0.023113455174277858,0.022215336960802398,0.021756866503333985,0.02180312067420041,0.02075960976255837,,,,,,,0.06385403376683366,,,,,0.07420819009740087,0.06691913398874583,0.047210186113167324,0.04477277239140931,,,0.02238726877520417,,,,,,,,,,,,,,,,,,,,,,,,,,,,,,,,,,,,,,,,,,,,,,,,,
852,,,,,,,,,,,,,,,,,,,,,,,,,,,,0.10046193288500231,0.08992945179836678,0.07119263482606215,0.05327561292006131,0.04480395271825553,0.02489231600098228,0.0218989027970203,0.02367906750441253,0.023511013541758368,0.02289940928545206,0.02216136232209477,0.024846727141797562,0.02468611772264026,0.022701365379629253,0.02307925444288018,0.022182460117759217,0.021724673375991224,0.021770858647553553,0.020728900943158383,,,,,,,0.06389850252623712,,,,,0.07425986962266405,0.06696573732283902,0.04724306388585941,0.04480395271825553,,,0.022402859553266843,,,,,,,,,,,,,,,,,,,,,,,,,,,,,,,,,,,,,,,,,,,,,,,,,
853,,0.020406055745957972,,,,,,,,,,,,,,,,,,,,,,,,,,0.10189543727257813,0.09362854508732375,0.08243040133041919,0.060782873325172126,0.03915645378388454,0.02312850007594581,0.02043824451774179,0.022095819781891173,0.021834582104816654,0.02137180892696838,0.02056858832042789,0.023182541871809254,0.023031055325078015,0.021169060819349116,0.02142969079490652,0.020086756833405165,0.020170980385890144,0.019701232831434844,0.019239106784634887,,,,,,,0.07373896710870563,,,,,0.08634296460374306,0.07765153038202949,,0.03915645378388454,,,0.02736234820200191,,,,,,,,,,,,,,,,,,,,,,,,,,,,,,,,,,,,,,,,,,,,,,,,,
854,,,,,,,,,,,,,,,,,,,,,,,,,,,,0.10023881239935142,0.08977681989600182,0.07117380712859274,0.05309338650118938,0.044570350286895107,0.024941436940980277,0.022048805010783032,0.023829682842301345,0.02355204493182913,0.023120966023428266,0.022179204658156728,0.024998575510661692,0.024834955291630958,0.02282670037486564,0.02295095881380524,0.02165893501870125,0.021764369682236252,0.02124251336488996,0.020759108030772768,,,,,,,0.0653313617001182,,,,,0.0742281896290808,0.06697252745260204,0.04698551348161297,0.044570350286895107,,,0.022350624742617977,,,,,,,,,,,,,,,,,,,,,,,,,,,,,,,,,,,,,,,,,,,,,,,,,
855,,,,,,,,,,,,,,,,,,,,,,,,,,,,0.09448230668773029,0.08620345844090803,0.06440519782161828,0.046679133760234144,0.0374319766842192,0.024097449045525937,0.021296601751418565,0.023023638340297203,0.022770885169958986,0.022339653137437673,0.021643491048191094,0.024132764916458906,0.023975412730057457,0.02207159336537271,0.022179679244599397,0.02094671117860132,0.021048300091918597,0.0205337596610243,,,,,,,,0.05761284515408543,,,,,0.07570220204393152,0.06977266468336726,0.03912472849625585,0.0374319766842192,,,0.031320905179201476,0.06977266468336726,,,,,,,,,,,,,,,,,,,,,,,,,,,,,,,,,,,,,,,,,,,,,,,,
856,,,,,,,,,,,,,,,,,,,,,,,,,,,,0.094808160662416,0.08650076002624574,0.0646273207823749,0.04684012243423984,0.03756107343058896,0.023720625316888885,0.021456376343923507,0.02238740623085855,0.02281113795619803,0.022331741517634156,0.021673983558098457,0.024161238085932922,0.024005138282644996,0.021706399022525854,0.02180908236726754,0.020601235300563955,0.02075170794403636,0.020195400961366558,,,,,,,,0.05781154240486761,,,,,0.07596328651882697,0.07001329915672568,0.03925966326590685,0.03756107343058896,,,0.03142892584255307,0.07001329915672568,,,,,,,,,,,,,,,,,,,,,,,,,,,,,,,,,,,,,,,,,,,,,,,,
857,0.016512404365558186,0.016512404365558186,,,,,,,,,,,,,,,,,,,,,,,,,,0.08255486377352225,0.07340924843658854,0.05090618587930073,0.043406076805245095,0.038208041716264,0.01743804721672723,,0.01646174832671493,0.016450524760402332,,,0.01781669080592307,0.017699523326100194,,,,,,,,,,,,,0.043836403232377856,,,,,0.05962787041005912,0.053548297788985615,0.04041063370740335,0.038208041716264,,,0.018433579087365995,,0.061428895456399506,0.054568942782472055,0.05456894278247205,0.05456894278247205,0.03780789682527453,0.03780789682527453,0.03780789682527453,,,,,,,,,,,,,,,,,,,,,,,,,,,,,,,,,,,,,,,,,
858,0.016737135094527074,0.016737135094527074,,,,,,,,,,,,,,,,,,,,,,,,,,0.08367841999858953,0.07440833455082052,0.051599009529231625,0.04399682537620843,0.03872804600378493,0.01782265923621826,,,0.0165064463624801,,,0.017961612754094983,0.01784040192448322,,0.01649238684153424,,,,,,,,,,,0.04443300846537073,,,,,0.06043939455199846,0.05427708008687207,0.04096061485915506,0.038728046003784926,,,0.01868445664426801,,0.05987023112675278,0.053184339266656895,0.053184339266656895,0.053184339266656895,0.036848579231775785,0.036848579231775785,0.036848579231775785,,,,,,,,,,,,,,,,,,,,,,,,,,,,,,,,,,,,,,,,,
859,,,,,,,,,,,,,,,,,,,,,,,,,,,,0.08124975020412617,0.07224871831305042,0.05010140768792078,0.04271986817690571,0.037604009059378427,0.018291450559546927,,0.01691405209549336,0.01694043972597068,,,0.018435699727574112,0.01831123776882266,0.016407440235583923,0.01692500930703561,,,,,,,,,,,0.043143391554119316,,,,,0.05868521071407985,0.05270175033111335,0.03977178017426553,0.037604009059378427,,,0.01814216180315296,,0.062380231982079565,0.05541404064807762,0.05541404064807762,0.05541404064807762,0.03839341985872311,0.038393419858723105,0.038393419858723105,,,,,,,,,,,,,,,,,,,,,,,,,,,,,,,,,,,,,,,,,
860,,,,,,,,,,,,,,,,,,,,,,,,,,,,0.08129812492831943,0.07229173397541158,0.05013123721690403,0.04274530286237167,0.03762639784903301,0.018262830354517104,,0.016887587073636173,0.01691393341600504,,,0.018406853819243677,0.018282586603209118,0.016381767897459175,0.016898527140685706,,,,,,,,,,,0.04316907839822589,,,,,0.05872015089390051,0.05273312806003392,0.039795459618101006,0.03762639784903301,,,0.018152963338804354,,0.06235724785416356,0.05539362322803716,0.05539362322803716,0.05539362322803716,0.038379273722276876,0.038379273722276876,0.038379273722276876,,,,,,,,,,,,,,,,,,,,,,,,,,,,,,,,,,,,,,,,,
861,,,,,,,,,,,,,,,,,,,,,,,,,,,,0.09478610913679206,0.08648814101718764,0.052000344335766835,0.043955834142311676,0.05171478884852,0.024984477826499006,0.022088160665356227,0.023093273588273927,0.023601843396037787,0.022062696825519895,0.021373477090136084,0.025074429484276652,0.024908589732076995,0.022881275269712602,0.023146631487577972,0.02170985217461174,0.02185406531709319,0.021277748510039846,0.020825357527934827,,,,,,,0.04560704830009801,,,,,0.06893439913777284,0.06335291676601149,0.05405121026133938,0.05171478884852,,,,,,,,,,,,0.06851254031053317,,,,,,,,,,,,,,,,,,,,,,,,,,,,,,,,,,,,,,,,
862,,,,,,,,,,,,,,,,,,,,,,,,,,,,0.09227630880941415,0.0841980589933968,0.050623449741968043,0.04279194664945835,0.0503454553547801,0.02274464724515939,,,0.021041179310120502,,,0.022594911150536176,0.022454511241291397,,,,,,,,,,,,,0.0443994390227815,,,,,0.06710911504183113,0.06167542232418126,0.05262001167702673,0.0503454553547801,,,,,0.023747941169534128,0.022725975697345403,,0.022382441648696984,,,,0.06669842643175045,0.028816506934149198,0.027116871839219747,0.02641572309865618,0.025433630287605292,0.02443364042615587,0.024030269339969188,0.022978661210192108,,,,,,,,,,,,,,,,,,,,,,,,,,,,,,,,,
863,,,,,,,,,,,,,,,,,,,,,,,,,,,,0.09099641470488243,0.08303021211363878,0.04992129058853218,0.04219841228571178,0.049647152048872684,0.02323141494496727,,,0.02152731712110444,,,0.023084196334391023,0.02293985579099236,,,,,,,,,,,,,0.04378360836177031,,,,,0.06617829583362264,0.060819969711850816,0.05189015974000444,0.04964715204887267,,,,,0.024441916987653554,0.023390087060285787,,0.023036514064649898,,,,0.06577330357114865,0.02965859925837246,0.027909296461847834,0.027187658354758445,0.02617686627006726,0.02514765413721097,0.024732495512157497,0.023650156692633748,,,,,,,,,,,,,,,,,,,,,,,,,,,,,,,,,
864,,,,0.07271575486913257,0.049079836384308496,0.048754076643889165,0.04338806052000348,0.05893505951657305,0.04817760573035748,0.058648195433220585,,0.05202229188373827,0.04081247242923605,0.05132345740853008,0.02870794661961168,,0.03574332624853178,,0.03959275942506378,0.030791670649646958,,,,0.034996324868597134,,,,,,,,,,,,,,,,,,,,,,,,,,,,,,0.028403218154807255,0.0311012836238952,0.033701864166691985,0.028533524344569933,,,,,,,,,,,,,,,,,,,,,,,,0.03228776115723233,0.03164891666457366,0.031002148773207235,0.030814451865285034,0.030635686966018785,0.02818230565327798,,,,,,,,,,,,,,,,,,,,,,,,,,,
