threshold,PTC6,PKP1,UTH1,CDC42,HOG1,KSS1,STE11,BNI1,BEM1,ACT1,ARP4,YAF9,RHO1,PDA1,PDB1,PDX1,IRC15,MAE1,PGI1,TAL1,TKL1,RPS8B,RPS8A,RPS20,YTM1,NOP7,RPF2,RPS13,AIM22,MLS1,ACS1,ACS2,RPS3,RPS5,RPL5,PWP2,NOP14,FUS3,KGD2,LPD1,NQM1,TKL2,TPI1,ASC1,KGD1,HSP104,BTN2,HSP78,SOL4,PGM2,TFS1,SIS1,MDH1,HSP82,HSC82,AHA1,PBS2,RPO21,RPO26,RPB3,SPT15,TAF6,TAF10,PTC7,PTC1,SWC4,IDH1,ACO1,ATP6,ATP4,ATP18,CYT1,QCR2,RIP1,TOM40,TOM22,TOM70,RPN10,RPT5,RPT2,GPM1,RPS15,IDH2,TIM8,RPT1,PYC2,CLA4,STE7
800,0.3324478721950141,0.28412224448469603,0.1531959576643307,0.034956302495522326,0.03359224551620625,0.03042841018370838,0.02991756752474588,0.028886740059000316,0.028266801537744614,0.020673447254651752,0.011943576743390721,0.011568834340988902,,,,,,,,,,,,,,,,,,,,,,,,,,,,,,,,,,,,,,,,,,,,,,,,,,,,,,,,,,,,,,,,,,,,,,,,,,,,
801,0.33287211453596505,0.28448481767645845,0.153391453611634,0.03330612031288243,0.03616316379476185,0.029745055029391204,0.030518458072263145,0.028740774278116037,,0.020902600121891657,0.01157895076326607,0.011177154235680099,0.027119337567690183,,,,,,,,,,,,,,,,,,,,,,,,,,,,,,,,,,,,,,,,,,,,,,,,,,,,,,,,,,,,,,,,,,,,,,,,,,,
802,0.3317730846865106,0.2835455461283479,0.15288500750573117,0.03383515677750081,0.03604661526240185,0.029753378366831822,0.03058782782240036,0.029951123466389302,0.02833672029222887,0.020812509854801722,0.011441461049268464,0.01103156878758705,,,,,,,,,,,,,,,,,,,,,,,,,,,,,,,,,,,,,,,,,,,,,,,,,,,,,,,,,,,,,,,,,,,,,,,,,,,,
803,0.4661465661133477,,0.32961548285832554,0.030503922516969574,0.02993555838777884,0.024610851965579477,0.025432486022164927,0.027011254367119535,0.025502712358571145,0.01911621541554784,0.011235371926338144,0.010889578068257317,,,,,,,,,,,,,,,,,,,,,,,,,,,,,,,,,,,,,,,,,,,,,,,,,,,,,,,,,,,,,,,,,,,,,,,,,,,,
804,0.4648904906746913,,0.3287273031691105,0.03172922944092615,0.02965688289538849,0.02456574188898608,0.025234555156723227,0.02766302174777306,0.02653527600593386,0.019240258279380553,0.011057650633054627,0.010699590108032293,,,,,,,,,,,,,,,,,,,,,,,,,,,,,,,,,,,,,,,,,,,,,,,,,,,,,,,,,,,,,,,,,,,,,,,,,,,,
805,,,,,,,,,,,,,,0.2349500356341474,0.19458993406341651,0.1680727015548705,0.1680727015548705,0.12080398427685272,0.032067343305269155,0.03119184592716607,0.030997214365780464,0.0038458178194222177,0.0038417334278002457,0.0038397081383497226,0.0025902228294800494,0.002583242165512716,0.0025535149370616034,,,,,,,,,,,,,,,,,,,,,,,,,,,,,,,,,,,,,,,,,,,,,,,,,,,,,,,,,,,,,
806,,0.10369780358499281,,,,,,,,,,,,0.23454285714785256,0.18587881598470016,0.18587881598470016,0.18587881598470016,,0.029401010901896545,0.028598309296305118,0.02841986094142655,0.0035319642822207974,0.0035319642822207965,0.003529693114849125,0.002383441325940754,0.0023772621749764172,0.0023493849932181075,,,,,,,,,,,,,,,,,,,,,,,,,,,,,,,,,,,,,,,,,,,,,,,,,,,,,,,,,,,,,
807,,,,,,,,,,,,,,0.23490297487750839,0.19455095748055862,0.16803903640353657,0.16803903640353657,0.12077978710280365,0.03214960914314885,0.031271865756554024,0.031076734885689513,0.0038597545491432105,0.0038597545491432105,0.0038572707707823137,0.002551877654600768,0.0025456663068697976,0.0025156741161244745,,,,,,,,,,,,,,,,,,,,,,,,,,,,,,,,,,,,,,,,,,,,,,,,,,,,,,,,,,,,,
808,,,,,,,,,,,,,,0.23524716642055635,0.19483602323714005,0.16828525557237503,0.16828525557237503,0.12095675966483099,0.03146937230726531,0.0306249730860606,0.030434445334801184,0.003955488631014881,0.003955488631014882,,0.002680240821182434,0.0026812070358167685,0.0026417696815585093,0.003946554004007899,,,,,,,,,,,,,,,,,,,,,,,,,,,,,,,,,,,,,,,,,,,,,,,,,,,,,,,,,,,,
809,,,,,,,,,,,,,,0.21448411803181885,0.186891899190792,0.1674214951516514,0.1398296598233014,,0.02803882689140294,0.02727077575211145,0.027099467845248658,0.0030577885545644314,0.0030577885545644314,,,,,0.0030508808850944935,0.1398296598233014,0.020642357725571686,0.02016485280001917,0.01916042897055769,,,,,,,,,,,,,,,,,,,,,,,,,,,,,,,,,,,,,,,,,,,,,,,,,,,,,,,,
810,,,,,,,,,,,,,,0.21459375241268147,0.18698742970299984,0.16750707329203995,0.13990113429106915,,0.029217356090996367,0.027905053862608033,0.027749491662650012,,,,,,,,0.13990113429106915,0.019834266092391792,0.01936773721553513,0.018386420963320466,0.0028883944780579286,0.002887108151176624,0.002873647493403923,,,,,,,,,,,,,,,,,,,,,,,,,,,,,,,,,,,,,,,,,,,,,,,,,,,,,
811,,,,,,,,,,,,,,0.21482233319341063,0.18718660480566476,0.16768549832613472,0.14005015405581817,,0.028214254800983038,0.026947800225564644,0.026796549257738413,,,,,,,,0.14005015405581817,0.020556413076944797,0.02007289832221096,0.019055853267673648,0.0028596569132595573,0.002855286680880733,0.0028465430178978984,,,,,,,,,,,,,,,,,,,,,,,,,,,,,,,,,,,,,,,,,,,,,,,,,,,,,
812,,,,,,,,,,,,,,0.22165639043543148,0.19314149763810462,0.17302001023270563,0.14450551377258275,,0.03588412196575816,0.03433722070879794,0.03414380576165858,,,,0.0022249084808757314,0.002232399847525297,,,0.14450551377258275,,,,0.004061805160869162,0.004043420500596119,0.004042947280402682,0.0022004444421090713,,,,,,,,,,,,,,,,,,,,,,,,,,,,,,,,,,,,,,,,,,,,,,,,,,,,
813,,,,,,,,,,,,,,0.22174455106818663,0.19321831688346724,0.1730888264466278,0.14456298875674978,,0.035780948983712556,0.034238495332179694,0.034045636486061494,,,,0.00222395187198699,0.002231473000271374,,,0.14456298875674978,,,,0.004048112594348675,0.004025552272682899,0.004029326041067256,0.0021988315059078053,,,,,,,,,,,,,,,,,,,,,,,,,,,,,,,,,,,,,,,,,,,,,,,,,,,,
814,,,,,,,,,,,,,,0.2343171879531492,0.19406579799259083,0.16761999075135425,0.16761999075135425,0.1204785937269062,0.03393950135842381,0.032476429268711055,0.03229349580116127,,,,0.0020172025593984976,0.002043074188536382,,,,,,,0.003721766200630939,0.0037056138457398696,0.003696723594308626,,0.0020046320077347453,,,,,,,,,,,,,,,,,,,,,,,,,,,,,,,,,,,,,,,,,,,,,,,,,,,
815,,,,,,,,,,,,,,0.23530613597699157,0.19488486290667872,0.16832743974414077,0.16832743974414077,0.12098707997250485,0.03265460798878846,0.03125079238653685,0.031074904833682665,,,,0.002082472967740137,0.0021090515015092597,,,,,,,0.003655993862219621,0.0036399054427326077,0.0036299383275711877,,0.0020693743447622592,,,,,,,,,,,,,,,,,,,,,,,,,,,,,,,,,,,,,,,,,,,,,,,,,,,
816,,,,,,,,,,,,,,0.2351903708313809,0.1947889840872079,0.16824462655913247,0.16824462655913247,0.12092755714335347,0.032812457931760027,0.03140616201135106,0.031229558330996877,,,,0.002069071055968458,0.0020950254678525687,,,,,,,0.003657453531491526,0.0036437710412338137,0.0036344665546994663,0.002055868894438937,,,,,,,,,,,,,,,,,,,,,,,,,,,,,,,,,,,,,,,,,,,,,,,,,,,,
817,0.3252912887640626,0.2780059636560096,0.1498981183818276,0.036204123202520345,0.034445308618037795,0.03080409872403802,0.03012043742863473,0.03194579539649162,0.032121518873186664,0.020750924727168635,0.015328102978421153,0.01508431924960129,,,,,,,,,,,,,,,,,,,,,,,,,,,,,,,,,,,,,,,,,,,,,,,,,,,,,,,,,,,,,,,,,,,,,,,,,,,,
818,0.32488064900354613,0.2776550157324683,0.14970889066636045,0.03621471665331155,0.034535238463071355,0.03090447107166123,,0.032511422541133275,0.03249480636891436,0.02068498755620476,0.015387731704890202,0.015147839954946509,,,,,,,,,,,,,,,,,,,,,,,,,,0.029874230283491874,,,,,,,,,,,,,,,,,,,,,,,,,,,,,,,,,,,,,,,,,,,,,,,,,,
819,0.32431097023802846,0.27716814719447624,0.14944637587428705,0.03583510572362254,0.03475358716833056,0.031124700059066288,,0.03245994129217293,0.03261901463316965,0.020934673670207703,0.015750330032306803,0.01551568303778428,,,,,,,,,,,,,,,,,,,,,,,,,,0.030081471076547482,,,,,,,,,,,,,,,,,,,,,,,,,,,,,,,,,,,,,,,,,,,,,,,,,,
820,0.46075776569925303,,0.3258050245612091,0.03212640727116077,0.028276884065839364,0.02540818877464806,,0.028841181101046536,0.028826440742282917,0.018028148312052298,0.013642801501607653,0.013634671334329293,,,,,,,,,,,,,,,,,,,,,,,,,,0.024652486636571092,,,,,,,,,,,,,,,,,,,,,,,,,,,,,,,,,,,,,,,,,,,,,,,,,,
821,0.45980115392852033,,0.3251285977168647,0.03226323601988715,0.02771112161983767,0.02554522725741456,,0.028964017828120886,0.028949214689077216,0.018174437073180186,0.01458680343795759,0.01462002191838906,,,,,,,,,,,,,,,,,,,,,,,,,,0.02425616851075071,,,,,,,,,,,,,,,,,,,,,,,,,,,,,,,,,,,,,,,,,,,,,,,,,,
822,0.454245666413221,,0.3212002738097794,0.03496805119422083,0.027857533197325944,0.024984570185045643,,0.031990475719463805,0.03207818769850651,0.01827052525644507,0.01494073017797018,0.01498922329358392,,,,,,,,,,,,,,,,,,,,,,,,,,0.02447476305443771,,,,,,,,,,,,,,,,,,,,,,,,,,,,,,,,,,,,,,,,,,,,,,,,,,
823,0.4552761282818721,,0.32192892057260875,0.03480075798966774,0.027843730880066957,0.02408553636465264,,0.03170087030840484,0.032468198432683,0.018042451664079424,0.014800949846881607,0.014849562324475879,,,,,,,,,,,,,,,,,,,,,,,,,,0.024202893334606936,,,,,,,,,,,,,,,,,,,,,,,,,,,,,,,,,,,,,,,,,,,,,,,,,,
824,,,,,,,,,,,,,,0.21060238213275762,0.18952080048687367,0.1499870134430953,,,0.04833504810208412,0.04710952890046533,,,,,0.003281533505597494,0.0033291495625998695,,,,,,,0.004392696704583436,0.00436901927717,0.004346132453322598,0.003248827948747863,,,0.1499870134430953,0.13435462966593614,0.04713622437367118,,,,,,,,,,,,,,,,,,,,,,,,,,,,,,,,,,,,,,,,,,,,,,,
825,,,,,,,,,,,,,,0.21085917901681867,0.1897518916575286,0.15016989930275068,,,0.047543693334553654,,,,,,0.0034137322925955507,0.0034601354073525792,,,0.1345184542623533,,,,0.004485384847804053,0.004468468818246228,0.004445431488725237,0.003379786107362978,,,0.15016989930275068,,0.046753984583212435,0.04658005957794532,,,,,,,,,,,,,,,,,,,,,,,,,,,,,,,,,,,,,,,,,,,,,,
826,,,,,,,,,,,,,,0.20818695893171074,0.19000523809652442,0.15035731787001594,,,0.04634049634794529,,,0.006153017330104243,0.006140975364048378,,0.0035521467677912186,0.0036002763007080252,,0.006137733618258195,0.13465530692562247,,,,,,,0.003516954318510548,,,0.15035731787001594,,0.04557944144608541,0.04541681881265912,,,,,,,,,,,,,,,,,,,,,,,,,,,,,,,,,,,,,,,,,,,,,,
827,,,,,,,,,,,,,,0.21362063805497902,0.1949643743500847,0.15428164350180976,,,0.04113961111250531,0.039300082817392494,,0.004885525895774122,0.004876182023133604,,0.0034534571883668946,0.003502096167628247,,0.0048730648963344805,0.13816981010984472,,,,,,,0.0034188127334609667,,,0.15428164350180976,,,0.03923305764687583,,,,,,,,,,,,,,,,,,,,,,,,,,,,,,,,,,,,,,,,,,,,,,
828,,,,,,,,,,,,,,0.2095172346355549,0.1912193360070753,0.151318072990721,,,0.04505193251501442,0.04388442344569224,,0.0058946205341684115,0.005896641374121614,,0.0034793722838133297,0.0035280688557823214,,0.005879252862556246,0.13551572913514037,,,,,,,0.003444099228994224,,,0.151318072990721,,,0.04405314314064467,,,,,,,,,,,,,,,,,,,,,,,,,,,,,,,,,,,,,,,,,,,,,,
829,,,,,,,,,,,,,,0.21195810394230016,0.18883682336559085,0.1494552939139546,,,0.04629276136490683,0.045089352998951386,,0.006177131313990572,0.006178985330443124,,0.0037414933154667836,0.0037939654856485243,,0.006160474572883518,0.13390048164198357,,,,,,,0.003702991206037959,,,0.1494552939139546,,,0.045256847633887404,,,,,,,,,,,,,,,,,,,,,,,,,,,,,,,,,,,,,,,,,,,,,,
830,,,,,,,,,,,,,,0.2003455508870522,0.17484587684440087,0.16530225853443928,,,0.04087400425363328,0.039778877610559545,,0.0054563335102899724,0.005457968872767151,,0.0033294121733111783,0.0033762491763448836,,0.005441616746564982,0.14734924494393467,,,,,,,0.003294229692558341,,,0.16530225853443928,,0.03984611821970426,,,,,,,,,,,,,,,,,,,,,,,,,,,,,,,,,,,,,,,,,,,,,,,
831,,,,,,,,,,,,,,0.20052001883562076,0.17499813878040912,0.16544620955213124,,,0.04074087364276133,0.03964931393377289,,0.005424195316206704,0.005426285097948967,,0.0032444979429878604,0.003290495451023023,,0.0054090856288365585,0.14747756184627997,,,,,,,0.003210778886182543,,,0.16544620955213124,,0.039716335533707854,,,,,,,,,,,,,,,,,,,,,,,,,,,,,,,,,,,,,,,,,,,,,,,
832,,,,,,,,,,,,,,0.20431413965777076,0.180055400564966,0.15782833324920187,,,0.04441109242645187,0.04322144736538199,,0.005919603218607707,0.0059218863101322995,,0.0034312466176952966,0.003480507851201179,,0.005903107985304094,,,,,,,,0.0033951414684021655,,,0.15782833324920187,0.14098105561580163,0.04330870441988132,,,,,,,,,,,,,,,,,,,,,,,,,,,,,,,,,,,,,,,,,,,,,,,
833,,,,,,,,,,,,,,0.20328658333844926,0.1791498486291656,0.15703456781784292,,,0.0464492795645497,,,0.005843761748520748,0.005846285869147018,,0.003409735510405459,0.0034617069282695295,,0.005827470304108361,,,,,,,,0.0033733574116810725,,,0.15703456781784292,0.1402720201332585,0.044642286668905906,0.044368528257853104,,,,,,,,,,,,,,,,,,,,,,,,,,,,,,,,,,,,,,,,,,,,,,
834,,,,,,,,,,,,,,0.19913739663598676,0.17393722682368504,0.1644441447025622,,,0.04242305811077694,0.04132400979186063,,0.005499054301367176,0.005500682108186073,,0.0032476684888416937,0.0032921099797940307,,0.005483837348452947,,,,,,,,0.0032033751823563293,,,0.16444414470256216,0.14658239712089663,0.04148089470267127,,,,,,,,,,,,,,,,,,,,,,,,,,,,,,,,,,,,,,,,,,,,,,,
835,,,,,,,,,,,,,,0.19897363125152986,0.17379418539950586,0.16430891014072785,,,0.04245330721557719,0.04130905035432403,,0.005599153589588816,0.0056006883830626245,,0.0034025077472835566,0.003449163942884807,,0.005583344065900701,0.14646185159291128,,,,,,,0.003355949497400451,,,0.16430891014072785,,0.041399346678575144,,,,,,,,,,,,,,,,,,,,,,,,,,,,,,,,,,,,,,,,,,,,,,,
836,,,,,,,,,,,,,,0.19856327216198333,0.17343575587675736,0.16397004285290867,,,0.04379676033119327,,,0.005459195880127732,0.005460582871114428,,0.0032424693847338815,0.0032871124249004183,,0.005443348273799394,0.14615979170841836,,,,,,,0.003197413337640466,,,0.16397004285290867,,0.04213209256337666,0.041882119480137286,,,,,,,,,,,,,,,,,,,,,,,,,,,,,,,,,,,,,,,,,,,,,,
837,,,,,,,,,,,,,,0.19835634164549942,0.17348127413546546,0.16401451654035132,,,0.04317353292176304,,0.04176308145657738,0.005639587183490707,0.005641136619022502,,0.0034484281730041487,0.003488585849328712,,0.005623154524291778,0.14619643803192273,,,,,,,0.0034006680442386023,,,0.16401451654035132,,0.041758738334692694,,,,,,,,,,,,,,,,,,,,,,,,,,,,,,,,,,,,,,,,,,,,,,,
838,,,,,,,,,,,,,,0.1982894252868451,0.1734227494870294,0.16395918554300437,,,0.04390309881953934,,,0.00559866655671806,0.00560045585830869,,0.003309456160197589,0.0033507861302137934,,0.005582344860612578,0.1461471180394275,,,,,,,0.0032633485900784307,,,0.16395918554300437,,0.0418623212641219,,0.04175185786089875,,,,,,,,,,,,,,,,,,,,,,,,,,,,,,,,,,,,,,,,,,,,,
839,,,,,,,,,,,,,,0.2090515272973397,0.18667006137448822,0.14676860382043838,,,0.05090090037901933,,,0.006500461598661772,0.006502539820411088,,0.00397604561222052,0.004004833036071576,0.003917467670629601,0.0064813998494861885,0.1315159475803245,,,,,,,,,,0.14676860382043838,,0.04853483926176144,,0.048406768878709434,,,,,,,,,,,,,,,,,,,,,,,,,,,,,,,,,,,,,,,,,,,,,
840,,,,,,,,,,,,,,0.19826993362956097,0.17340570219974527,0.16394306851483428,,,0.04365387920053842,,,0.005702224228831603,0.005704313953002761,,0.0035039156941210946,0.0035288916506794046,0.0034516789728741516,0.0056854951687856665,0.1461327519201362,,,,,,,,,,0.16394306851483428,,0.041642184102619544,,0.0414328922494363,,,,,,,,,,,,,,,,,,,,,,,,,,,,,,,,,,,,,,,,,,,,,
841,,,,,,,,,,,,,,0.1925340556798563,0.17347097983694995,0.16299182457437317,,,0.04536470662645122,,,0.005622350555417685,0.005613330526492599,,0.003594915877259167,0.0036206255552847246,0.003549012689986617,,,,,,,,,,,,0.16299182457437317,0.14871312102001558,0.04327417172760004,,0.043056677573750646,0.005602403182189208,,,,,,,,,,,,,,,,,,,,,,,,,,,,,,,,,,,,,,,,,,,,
842,,,,,,,,,,,,,,0.19273804899767588,0.17365477548077726,0.1631645173634748,,,0.04492800846521144,,0.04272444440950954,,,,0.004075551813799919,0.0040914741125854396,0.0039971582037258225,,,,,,0.005226198784043326,0.005202518566404643,0.005196287354239207,,,,0.1631645173634748,0.14887068526418562,0.04296581382089224,,,,,,,,,,,,,,,,,,,,,,,,,,,,,,,,,,,,,,,,,,,,,,,
843,,,,,,,,,,,,,,0.192791690444465,0.17370310581019102,0.16320992812082935,,,0.04473733560774992,,,,,,0.0039759571804708176,0.004007132466278251,0.003914281038836011,,,,,,0.005196348574915261,0.005173001582275806,0.005166046829173685,,,,0.16320992812082935,0.14891211786653677,0.043135747361836646,0.04286737899561212,,,,,,,,,,,,,,,,,,,,,,,,,,,,,,,,,,,,,,,,,,,,,,
844,,,,,,,,,,,,,,0.1913283068575647,0.17367138665189225,0.15395982014718457,,,0.048848606871798865,,,0.0060074715534554875,0.005998989357633354,,0.0045503630616410915,0.0045814400892414085,0.004469719130275743,,,,,,,,,,,,0.1598994605506872,0.14675022788725184,0.04712086776022811,0.04682641312526366,,0.0059869269558816985,,,,,,,,,,,,,,,,,,,,,,,,,,,,,,,,,,,,,,,,,,,,
845,,,,,,,,,,,,,,0.1912776756189164,0.17362542796669622,0.15391907773680027,,,0.04827737561509542,,,0.006115955601419226,0.006115955601419226,,0.00462686397077842,0.004652774804309445,0.004545033639274521,,,,,,,,,,,,0.15985714633236875,0.14671139335235275,0.04724445199660991,0.046927232826158634,,0.006103634937800744,,,,,,,,,,,,,,,,,,,,,,,,,,,,,,,,,,,,,,,,,,,,
846,,,,,,,,,,,,,,0.1962258669323275,0.17928434350930195,0.1462897784045512,,,0.05172034188536776,,,0.006570176325344617,0.006570176325344617,,0.005017816145648563,0.005046865392584873,0.004920506971253803,,,,,,,,,,,,0.15159541686088798,0.13931384392143165,0.05061375392343146,0.0502739118392399,,0.006557201563284177,,,,,,,,,,,,,,,,,,,,,,,,,,,,,,,,,,,,,,,,,,,,
847,,,,,,,,,,,,,,0.19635615574303902,0.17940338359438449,0.14638691096686599,,,0.0515423327574325,,,0.0065579017441073,0.0065579017441073,,0.005016885690244149,0.005059457415746283,0.0049318514037637266,,,,,,,,,,,,0.1516960722274862,0.13940634464686572,0.05043955340833417,0.050100880979849376,,0.0065443676777739036,,,,,,,,,,,,,,,,,,,,,,,,,,,,,,,,,,,,,,,,,,,,
848,,,,,,,,,,,,,,0.19660538581115045,0.17408377700569017,0.15320501066814565,,,0.04738326250327854,,,0.006144885834613485,0.006144885834613485,,0.004419262311470913,0.004456813746918513,0.004348466151771577,,,,,,,,,,,,0.1603644891514019,0.14428371229338993,0.04636946897500664,0.046058124809482744,,0.006132454903065954,,,,,,,,,,,,,,,,,,,,,,,,,,,,,,,,,,,,,,,,,,,,
849,,,,,,,,,,,,,,0.20280822504801907,0.1815457056718736,0.14372062622061024,,,0.051585188313343265,,,0.00665476840860035,0.006654768408600353,,0.004889567327382135,0.004941906152887614,0.004821310308996846,,,,,,,,,,,,0.14991262777821932,0.13518754751636244,0.05048802496682727,0.050148441726272176,,0.0066412921520052565,,,,,,,,,,,,,,,,,,,,,,,,,,,,,,,,,,,,,,,,,,,,
850,,,,,,,,,,,,,,0.20321150837860624,0.18190670856916644,0.14400641410126744,,,0.050640744412617594,,,0.006738190641645148,0.006738190641645148,,0.00451312407399196,0.0045617441447597116,0.004450065391396068,,,,,,,,,,,,0.1502107284287879,0.13545636740472447,0.05059603699935388,0.050245631299543896,,0.006724545512494112,,,,,,,,,,,,,,,,,,,,,,,,,,,,,,,,,,,,,,,,,,,,
851,,,,,,,,,,,,,,0.20332942962673572,0.1820122668925545,0.1440899793295607,,,0.0504904349105685,,,0.006710923920092974,0.006710923920092974,,0.004542291924987509,0.004616052923413091,0.004502182261348849,,,,,,,,,,,,0.15029789394771,0.13553497114148574,0.05039539507363112,0.05006964147161692,,0.006697612656201395,,,,,,,,,,,,,,,,,,,,,,,,,,,,,,,,,,,,,,,,,,,,
852,,,,,,,,,,,,,,0.20340554621948165,0.1820804033822857,0.14414391956976855,,,0.05039953928264125,,,0.006749311022835619,0.006749311022835619,,0.00449128690830142,0.00456422954641537,0.004451381221846632,,,,,,,,,,,,0.1503541581274954,0.13558570880508974,0.05030723539660508,0.04998204907285515,,0.006735920421543008,,,,,,,,,,,,,,,,,,,,,,,,,,,,,,,,,,,,,,,,,,,,
853,,,,,,,,,,,,,,0.1933277988517891,0.17764289565789118,0.15639648324045433,,,0.04388206312383497,,,0.005882498905731568,0.005882498905731568,,0.004086796888453031,0.004158094927791685,0.004038725429159117,,,,,,,,,,,,0.16381985042692218,0.14732945702045316,0.04398459746413452,0.04369717968156133,,0.005871059476092304,,,,,,,,,,,,,,,,,,,,,,,,,,,,,,,,,,,,,,,,,,,,
854,,,,,,,,,,,,,,0.20287756145412916,0.18170309343893662,0.14405167104462657,,,0.05048002649501414,,,0.006797797794429619,0.006797797794429619,,0.004616155839392818,0.004697828988399923,0.0045512536493171555,,,,,,,,,,,,0.15023356465065255,0.1355485238579257,0.050595671656847856,0.050264513792473944,,0.006784539543424302,,,,,,,,,,,,,,,,,,,,,,,,,,,,,,,,,,,,,,,,,,,,
855,,,,,,,,,,,,,,0.19487631100992356,0.17780061226471913,,,,0.04970266009976168,,,0.006751292025324624,0.006751292025324624,,0.00472448075275057,0.004808160387602105,0.004665218730327547,,,,,,,,,,,,0.15614104255950684,0.14391096046973137,0.04977550153313467,0.04945095173444476,,0.006730555937717202,0.14391096046973137,,,,,,,,,,,,,,,,,,,,,,,,,,,,,,,,,,,,,,,,,,,
856,,,,,,,,,,,,,,0.19488649078885645,0.1778099000581796,,,,0.048759826105964854,,,0.006875064708157328,0.006875064708157328,,0.00497369109165768,0.0050589056311441186,0.004910404723086742,,,,,,,,,,,,0.15614919891923765,0.14391847796509044,0.04966554430317268,0.04934466746448011,,0.006854285567724618,0.14391847796509044,,,,,,,,,,,,,,,,,,,,,,,,,,,,,,,,,,,,,,,,,,,
857,,,,,,,,,,,,,,0.14052997720770438,0.12496174711074022,0.08665564709760615,,,0.0296841187290472,,,,,,,,,,,,,,,,,,,,0.10150223604823037,0.0911532128311869,0.030328669183463924,0.030129219477942462,,,,0.10456805188443667,0.09289061764437016,0.09289061764437016,0.025416609020884363,0.024657139563845108,0.024632136556171955,,,,,,,,,,,,,,,,,,,,,,,,,,,,,,,,,,,,,
858,,,,,,,,,,,,,,0.14227762621863263,0.12651578759435297,0.08773330795652481,,,0.03030369895936688,,,,,,,,,,,,,,,,,,,,0.10276453101163528,0.09228680600050693,0.030539960311798755,0.030333866684440068,,,,0.10179678782198394,0.09042882911739852,,0.02544584911506978,0.024470832272925267,0.02467328781796559,0.09042882911739852,,,,,,,,,,,,,,,,,,,,,,,,,,,,,,,,,,,,
859,,,,,,,,,,,,,,0.13800135463789664,0.1227132510931268,0.08509641091607284,,,0.031067725736606606,,,,,,,,,,,,,,,,,,,,0.09967585814611085,0.08951304981504436,0.031312730558690736,0.03110133398374207,,,,0.10595179055351787,0.09411982998325358,,0.02620612610940075,0.025510190498984116,0.025610517984299155,0.09411982998325356,,,,,,,,,,,,,,,,,,,,,,,,,,,,,,,,,,,,
860,,,,,,,,,,,,,,0.13856677826051897,0.12321603580244295,0.08544507068871478,,,0.03112767442514936,,,,,,,,,,,,,,,,,,,,0.10008425330243993,0.08987980558371927,0.03137315201173177,0.031161347523196572,,,,0.1062834222063862,,0.09441442731494536,0.024422680010279627,0.025069094422482903,0.02454183113304691,0.09441442731494537,,,,,,,,,,,,,,,,,,,,,,,,,,,,,,,,,,,,
861,,,,,,,,,,,,,,0.19979911977196516,0.18230787826736738,,,,0.052664643829747025,,,0.007238893554950289,0.007238893554950289,,0.004966629082361973,0.005041605428007784,0.004889619643640803,,,,,,,,,,,,0.1453064420004788,0.13354126591026413,0.05285425243600457,0.05250467973158146,,0.007228868697242798,,,,,,,,,0.1444172080914375,,,,,,,,,,,,,,,,,,,,,,,,,,,,,,,,,,,
862,,,,,,,,,,,,,,0.1590130743756651,0.14509241201505152,,,,0.03919420196480398,,,,,,,,,,,,,,,,,,,,0.1156442735856711,0.10628078478346163,0.03893617260647518,0.03869423161968097,,,,,,,0.03367051396323724,0.03322275011848742,0.03340878306662341,,0.11493656367244862,0.04965739765155469,0.04672853968954292,0.045520300887296174,,,,,,,,,,,,,,,,,,,,,,,,,,,,,,,,
863,,,,,,,,,,,,,,0.156258471434566,0.14257895841108179,,,,0.03989283973809074,,,,,,,,,,,,,,,,,,,,0.11364095368640433,0.10443966974624652,0.039640036865252616,0.03939217619128368,,,,,,,0.03554847647906186,0.035078427247712526,0.035042781898089764,,0.11294550351858997,0.050929560247333264,0.04792566847920535,0.046686476057081594,,,,,,,,,,,,,,,,,,,,,,,,,,,,,,,,
864,,,,0.13335522555429938,0.09000872868578182,0.08941130982190136,0.079570439823142,0.10808246670935526,0.10755637955523382,0.05646960816218448,0.04773001008126667,0.04755353237425929,,,,,,,,,,,,,,,,,,,,,,,,,,0.0883541055222573,,,,,,,,,,,,,,,,,,,0.07484700497195465,0.026625816448498436,0.025288877846844537,0.025146494443020997,,,,,,,,,,,,,,,,,,,,,,,,,,,,
865,,,,0.11866282375502285,0.08584298479104752,0.08899545844047076,0.07915975509573704,0.09466424806892419,0.09604054179451084,0.04711903790409966,0.040760025252789565,0.040563241754907976,,,,,,,,,,,,,,,,,,,,,,,,,,0.08821464759486344,,,,,,,,,,,,,,,,,,,0.07461786729486318,,,,0.04917750843162389,0.04816072369188499,0.048021136129253975,,,,,,,,,,,,,,,,,,,,,,,,,
866,,,,0.11920930819888337,0.08606968324364667,0.0888465969411218,0.07945778765698372,0.09142516889766358,0.09698294966203684,0.04741664466274819,0.041066022759056964,0.04086780983781125,,,,,,,,,,,,,,,,,,,,,,,,,,0.08806388833645877,,,,,,,,,,,,,,,,,,,0.07478113389891416,,,,0.04933098164576866,0.04831102372326638,0.048171000535639795,,,,,,,,,,,,,,,,,,,,,,,,,
867,,,,0.12017326438402119,0.08208412198519675,0.09206926590206231,0.07560854059284372,0.09070562893832641,0.0967965083471435,0.047419104775244844,0.04102590841796459,0.040766215394306415,,,,,,,,,,,,,,,,,,,,,,,,,,0.09216093225917016,,,,,,,,,,,,,,,,,,,0.07563648794077198,,,,0.049243362736916936,0.04822521640618241,0.048085441919848704,,,,,,,,,,,,,,,,,,,,,,,,,
868,,,,0.12054718321523965,0.0836398296154139,0.09455322583158085,0.07795384040870965,0.09026357915896537,0.09671214040424973,0.04786501093168709,0.04143500661137803,0.04117461749689997,,,,,,,,,,,,,,,,,,,,,,,,,,0.09142519729888104,,,,,,,,,,,,,,,,,,,0.07714030727195985,,,,0.049411199927409964,0.04396449281778569,0.04391436900983912,,,,,,,,,,,,,,,,,,,,,,,,,
869,,,,0.11255974676114909,0.08039279522912256,0.08908212143057641,0.07539212084254499,0.08313299767527033,0.09092405204727194,0.05328253060972866,0.04635747130621618,0.04610884546871391,,,,,,,,,,,,,,,,,,,,,,,,,,0.08851717277690554,,,,,,,,,,,,,,,,,,,0.07447528840123088,,,,0.05730997487490921,0.05126580181574341,0.05119908076061686,,,,,,,,,,,,,,,,,,,,,,,,,
870,,,,0.11339231825544695,0.08058072971023765,0.08903513174650153,0.07563008749249937,0.0833768012493238,0.09164140254891857,0.05298727888130493,0.04597494684482959,0.044972497634339886,,,,,,,,,,,,,,,,,,,,,,,,,,0.08845823081267519,,,,,,,,,,,,,,,,,,,0.07479744346566031,,,,0.055937019067895125,0.051656401754045574,0.05155971053632158,,,,,,,,,,,,,,,,,,,,,,,,,
871,,,,0.11378730102827728,0.09493687929311842,0.08948612425718644,0.0730113964426756,,0.08513823307714236,0.05238413652932124,0.045531844345822074,0.04453753333500651,0.07908933605307641,,,,,,,,,,,,,,,,,,,,,,,,,0.0784746831621379,,,,,,,,,,,,,,,,,,,0.09261950725870235,,,,0.05415313748063478,0.04845654040970663,0.048393347327192075,,,,,,,,,,,,,,,,,,,,,,,,,
872,,,,0.11205669362708222,0.09311758378521386,0.08777128272149366,0.07161226360238192,,0.08209527608072151,0.0539192878190053,0.04694838652077289,0.0459774946483304,0.08102790908531934,,,,,,,,,,,,,,,,,,,,,,,,,0.076970856202329,,,,,,,,,,,,,,,,,,,0.09084462004148261,,,,0.05653988763698252,0.05059221824444512,0.05052623998443968,,,,,,,,,,,,,,,,,,,,,,,,,
873,,,,0.11331802484384344,0.09336950744438803,0.0873792035466984,0.07153985688305745,,0.08248895378149149,0.05326166645267615,0.04639879033955219,0.04543928445872294,0.08327273851224444,,,,,,,,,,,,,,,,,,,,,,,,,0.07651486573838864,,,,,,,,,,,,,,,,,,,0.09109994026492234,,,,0.055860028644057744,0.05001230290103763,0.050044836188919105,,,,,,,,,,,,,,,,,,,,,,,,,
874,,,,0.11590061853801557,0.09504003916189267,0.0852759096386581,0.07031037459419034,,0.08425340415813665,0.052302786982801754,0.045592210334081604,0.044605437700018,0.08416852173221788,,,,,,,,,,,,,,,,,,,,,,,,,0.07727074187405013,,,,,,,,,,,,,,,,,,,0.09368851930504424,,,,0.05431026024364598,0.04862477252288959,0.048656403214357415,,,,,,,,,,,,,,,,,,,,,,,,,
875,0.23970539665974167,,,0.04704645860864063,0.03761803819643874,0.03546187672316312,,,0.03407206627466907,0.020692096128620587,0.018058239331662177,0.017667412812432504,0.03309738224620652,,,,,,,,,,,,,,,,,,,,,,,,,,,,,,,,,,,,,,,,,,,,0.03717023969894158,,,,,,,0.23970539665974167,0.23970539665974167,,,,,,,,,,,,,,,,,,,,,,,
876,0.23981265727249496,,,0.046502512695866194,0.03693733268919794,0.03619396697363559,,,0.03370523626843096,0.02115927185872521,0.018533250555976176,0.018132195493802506,0.03273166175337573,,,,,,,,,,,,,,,,,,,,,,,,,,,,,,,,,,,,,,,,,,,,0.036666599893504764,,,,,,,0.23981265727249496,0.23981265727249496,,,,,,,,,,,,,,,,,,,,,,,
877,0.2396035628080524,,,0.04634166264391354,0.03783904204102267,0.03566008847141919,,,0.03374995005506008,0.020926191540436824,0.01834200900443709,0.017945102196512273,0.03281377970537493,,,,,,,,,,,,,,,,,,,,,,,,,,,,,,,,,,,,,,,,,,,,0.037571485917666306,,,,,,,0.2396035628080524,0.2396035628080524,,,,,,,,,,,,,,,,,,,,,,,
878,0.24029600097341947,,,0.04654609512763757,0.03614058615222774,0.03650866465299909,,,0.034724274764962815,0.02098024148252419,0.018379684637566913,0.01798195518672785,0.03375039607273068,,,,,,,,,,,,,,,,,,,,,,,,,,,,,,,,,,,,,,,,,,,,0.03410009900236474,,,,,,,0.24029600097341947,0.24029600097341947,,,,,,,,,,,,,,,,,,,,,,,
879,0.24007886348013416,,,0.04656263631141379,0.03610902596650807,0.0366916394908515,,,0.034736614803559135,0.021074465768976373,0.018483233459736306,0.018083279252470823,0.033762390022006726,,,,,,,,,,,,,,,,,,,,,,,,,,,,,,,,,,,,,,,,,,,,0.034260124484074846,,,,,,,0.24007886348013416,0.24007886348013416,,,,,,,,,,,,,,,,,,,,,,,
880,0.24298791994521562,,,0.044072158936661325,0.036949626196859514,0.03531065061129372,,,0.03287867117972379,0.019930543696277715,0.017491840746411774,0.017113348073349254,0.03195655437505122,,,,,,,,,,,,,,,,,,,,,,,,,,,,,,,,,,,,,,,,,,,,0.03533284634872489,,,,,,,0.24298791994521562,0.24298791994521562,,,,,,,,,,,,,,,,,,,,,,,
881,0.2400580074457853,,,0.04671066409949281,0.036503595180417715,0.03488440420491693,,,0.03472363955746619,0.02130640497002332,0.018665903925495896,,0.034060703557386815,,,,,,,,,,,,,,,,,,,,,,,,,,,,,,,,,,,,,,,,,,,,0.034906332010345924,,,,,,,0.2400580074457853,0.2400580074457853,0.01806433015709861,,,,,,,,,,,,,,,,,,,,,,
882,0.24293760725424787,,,0.044025165986541555,0.03694113211914033,0.035302533305613566,,,0.03260342803936896,0.020136123176638134,0.017624681798789836,0.01705714192232082,0.03217224794821318,,,,,,,,,,,,,,,,,,,,,,,,,,,,,,,,,,,,,,,,,,,,0.03532472394062998,,,,,,,0.24293760725424787,0.24293760725424787,,,,,,,,,,,,,,,,,,,,,,,
883,0.24359518537225242,,,0.04422996910679671,0.03704196918467697,0.03539889753866052,,,0.032755097741091796,0.019117709549090086,0.016733287960580198,0.016194452236310827,0.03232191181926892,,,,,,,,,,,,,,,,,,,,,,,,,,,,,,,,,,,,,,,,,,,,0.035421148746766835,,,,,,,0.24359518537225242,0.24359518537225242,,,,,,,,,,,,,,,,,,,,,,,
884,0.23973909718166464,,,0.047936993830793924,0.036455101188052286,0.034838061261904744,,0.034958543583173976,0.03647945685469931,0.020397766440759926,0.01771498314519588,0.017141842213560812,,,,,,,,,,,,,,,,,,,,,,,,,,,,,,,,,,,,,,,,,,,,,0.03485995993686526,,,,,,,0.23973909718166464,0.23973909718166464,,,,,,,,,,,,,,,,,,,,,,,
885,0.23882552265130544,,,0.04664370847394878,0.03593238119394289,0.03611565061454411,,,0.035534088725851586,0.022410615042423365,0.019510662289520867,0.01887940399092321,0.034258966555110626,,,,,,,,,,,,,,,,,,,,,,,,,0.034237955159818305,,,,,,,,,,,,,,,,,,,,,,,,,,0.23882552265130544,0.23882552265130544,,,,,,,,,,,,,,,,,,,,,,,
886,0.23820137138833197,,,0.04743225219880896,0.03583847481050921,0.036021265271244406,,,0.03609364349501873,0.02250289040557007,0.01955412178697573,0.018921310172551782,0.034883450672008084,,,,,,,,,,,,,,,,,,,,,,,,,0.03414847702231693,,,,,,,,,,,,,,,,,,,,,,,,,,0.23820137138833197,0.23820137138833197,,,,,,,,,,,,,,,,,,,,,,,
887,0.24128907734567753,,,0.04461088529437635,0.03302781410477046,0.03687493250624154,,,0.03467045889961801,0.021114425919755566,0.018376909026594637,0.017782181355366456,0.03378856877905251,,,,,,,,,,,,,,,,,,,,,,,,,0.035886592077191935,,,,,,,,,,,,,,,,,,,,,,,,,,0.24128907734567753,0.24128907734567753,,,,,,,,,,,,,,,,,,,,,,,
888,,,,,,,,,,,,,,0.17530518127321776,0.15809277083247697,0.11613787553142586,,,,,,,,,,,,,,,,,,,,,,,0.11613787553142586,0.10087229373963709,,,,,0.07628351498008505,,,,,,,,,,,,,,,,,,,,,,0.07628351498008505,0.07427642039336789,0.018082226125617145,0.01805356271315029,0.01805356271315029,0.0175468401626422,0.017481301610575338,0.017393059413143244,,,,,,,,,,,,,,
889,,,,,,,,,,,,,,0.1660194982173712,0.14971880633976156,0.1099862062246104,0.09552922206326317,,,,,,,,,,,,,,,,,,,,,,0.1099862062246104,,,,,,0.07775929668610984,,,,,,,,,,,,,,,,,,,,,,0.07775929668610984,0.07571337282580567,,,,,,,0.03395908749565883,0.032210322268796464,0.030123361357893796,0.01379835217789953,0.013770696431407098,0.013666275000702196,,,,,,,,
890,,,,,,,,,,,,,,0.1634641411783324,0.14500941697125852,0.1218396695522718,0.10504849912721889,,,,,,,,,,,,,,,,,,,,,,0.12183966955227182,,,,,,0.07246843437306563,,,,,,,,,,,,,,,,,,,,,,0.07246843437306562,0.07050913491875035,,,,,,,0.03174770287070388,0.030112815631164736,0.028161755700282273,0.012491341399064548,0.012468046224371055,0.012370938128178483,,,,,,,,
891,,,,,,,,,,,,,,0.1602673801845638,0.1421735629144527,0.11945693104882572,0.10299413453053669,,,,,,,,,,,,,,,,,,,,,,0.11945693104882572,,,,,,0.07806610342350552,,,,,,,,,,,,,,,,,,,,,,0.07806610342350552,0.07551542196972275,,,,,,,0.03073859475072623,0.0291583146056872,0.027232114770977978,0.012338709144723995,0.012315909931750676,0.012219788252195515,,,,,,,,
892,,,,,,,,,,,,,,0.21881801762452488,0.1941139685426304,0.16309824752555116,,,0.03375911928197967,,,,,,0.003096777238798935,0.0031524978781840617,0.0030643974674824507,,,,,,0.004095022757381089,,,,,,0.16309824752555116,0.1406210815886059,,,0.03263413261383512,0.004100797922423493,,,,,,,,,,,,,,,,,,,,,,,,,,,,,,,,,,,,,0.032253984435265524,0.004093707597785962,,,,,,
893,,,,,,,,,,,,,,0.2219665238374818,0.19690701567198937,0.1654450188345653,0.14264443576145178,,0.029334993999942594,,,,,,0.0031269342499813083,0.003182903960752304,0.0030936931735360976,,,,,,0.0041299882179575585,,,,,,0.1654450188345653,,,,0.02843485980097465,0.0041360072768121805,,,,,,,,,,,,,,,,,,,,,,,,,,,,,,,,,,,,,0.028023945645729242,0.004128660734260576,,,,,,
894,,,,,,,,,,,,,,0.21800833313986512,0.19339569556725597,0.1624947409133889,0.14010074642967146,,0.03465643430536046,,,,,0.004102353892662046,0.003072115426467318,0.003121966051999351,0.0030343586969219035,,,,,,0.004103673245044485,,,,,,0.1624947409133889,,,,0.033525996301303415,0.004109841753579799,,,,,,,,,,,,,,,,,,,,,,,,,,,,,,,,,,,,,0.03377900336309074,,,,,,,
895,,,,,,,,,,,,,,0.2176971555589883,0.19311964921695435,0.1622628015207319,,,0.03469212198328765,,,,,,0.0034875509867878392,0.0035437382817594468,0.00344423450802509,,,,,,0.004068855020781253,,,,,,0.1622628015207319,0.13990077145291202,,,0.03356124052188404,0.0040751971554580674,,,,,,,,,,,,,,,,,,,,,,,,,,,,,,,,,,,,,0.03381634088079139,0.004067541390906678,,,,,,
896,,,,,,,,,,,,,,0.1730949216002454,0.16150891673357032,0.12531909452361692,,0.09798266001453389,,,,,,,,,,,,,,,,,,,,,0.12531909452361692,,,,,,0.07436131852704411,,,,,,,,,,,,,,,,,,,,,,0.07436131852704411,,,,,,,,0.02061784844877002,0.019449136160791317,,0.011760360582029455,0.011666800394561106,,,,0.07436131852704411,0.01856807616062903,0.01162913527650334,,,
897,,,,,,,,,,,,,,0.17062808945569488,0.15920720052060122,0.1235331312623101,,,,,,,,,,,,,,,,,,,,,,,0.1235331312623101,,,,,,0.07270210301924611,,,,,,,,,,,,,,,,,,,,,,0.0727021030192461,,,,,,,,0.025940882989813317,0.024683532433674053,0.023177202882265692,0.011608709937762631,0.011516356215232866,,,,0.07270210301924611,,0.011479176791417212,0.09658627719117974,,
898,,,,,,,,,,,,,,0.16989863598223448,0.15852657257833142,0.12300501381122578,,,,,,,,,,,,,,,,,,,,,,,0.12300501381122578,,,,,,0.07358982504521802,,,,,,,,,,,,,,,,,,,,,,0.07358982504521804,,,,,,,,0.02582127444202568,0.02463289564725789,0.023084608991687593,0.011769181354214191,0.01167581430840114,,,,0.07358982504521802,,0.011638153492043363,0.09617336044569857,,
899,0.38731324906378656,,,0.03736439874319549,,0.03252827710745913,,,0.02714405025191438,0.014191719483003205,0.012327893983288173,0.012117989882575165,,,,,,,,,,,,,,,,,,,,,,,,,,0.036906797023177895,,,,,,,,,,,,,,,,,,,,,,,,,,0.38731324906378656,,,,,,,,,,,,,,,,,,,,,,,0.02737800066276934,0.02541437473504397
900,0.3827286998364691,,,0.039857408177099894,,0.03254741903844624,,,0.028955142511621127,0.015279723832253907,0.013301246127048928,0.013074762438485094,,,,,,,,,,,,,,,,,,,,,,,,,,0.036942849925041404,,,,,,,,,,,,,,,,,,,,,,,,,,0.3827286998364691,,,,,,,,,,,,,,,,,,,,,,,0.02920470244921665,0.025379345827848454
