threshold,MAE1,PYC1,IDH1,IDH2,KGD1,RIP1,CYT1,QCR2,MRPS9,MRPS5,MRPS28,PCK1,FDH1,ERT1,GDH2,MRPS16,MLS1,ACS1,DAL7,ACS2,LAT1,RPS8B,RPS8A,RPS13,CIT1,RPS20,RSM10,RPS3,RPS5,RPL5,SDH2,SDH1,SDH3,SDH4,GDH1,PDA1,PDB1,KGD2,PDX1,IRC15,HSP82,HSC82,AHA1,PGI1,TAL1,TKL1,SOL4,PGM2,GAD1,AIM22,NQM1,NOP7,YTM1,PWP2,LPD1,TKL2,MRP17,AAT1,AAT2,GDH3,TPI1,RPF2,ASC1,MDH1,MDH3,HSP104,BTN2,SIS1,TFS1,HSP78,DCS2,CIT3,ATP2,ATP16,ATP18,ATP4,QCR8,ACO1,ATP6,ATP15,TOM40,TOM22,TOM70,RPN10,RPT5,RPT2,GPM1,RPS15,TIM8,RPT1
800,0.403155171116566,0.403155171116566,0.044466989250449444,0.044466989250449444,0.044466989250449444,0.015149342189074022,0.015114959369047328,0.0148308255541888,0.005071008495982146,0.005066736192771564,0.005055818214455808,,,,,,,,,,,,,,,,,,,,,,,,,,,,,,,,,,,,,,,,,,,,,,,,,,,,,,,,,,,,,,,,,,,,,,,,,,,,,,,
801,0.18863052784317616,0.18863052784317616,0.04106283176327996,0.04106283176327996,,0.016196594305390714,0.016086923508914247,0.015855538366573184,0.005356415184211315,,0.005338109404710487,0.1983215876658064,0.18863052784317616,0.04895208142823171,0.04053690383160223,0.005338599248471279,,,,,,,,,,,,,,,,,,,,,,,,,,,,,,,,,,,,,,,,,,,,,,,,,,,,,,,,,,,,,,,,,,,,,,,,,,
802,0.18874399376789877,0.18874399376789877,0.040951709898252364,0.040951709898252364,,0.01618291110736456,0.016072823059600345,0.01584095944168375,0.00531805081053221,,0.005299880220465575,0.19844088300253826,0.18874399376789877,0.048981527315118956,0.04042720520238494,0.005300358740110499,,,,,,,,,,,,,,,,,,,,,,,,,,,,,,,,,,,,,,,,,,,,,,,,,,,,,,,,,,,,,,,,,,,,,,,,,,
803,,,,,,0.05250279381671689,0.05268441199312128,0.051625426558220944,0.017886911910603,,0.017825611155464726,,,,,0.017827320240055088,0.16211110299559517,0.15720873638006638,0.15481754527563082,0.14991517866010207,0.14255705634216626,0.007688064619852775,0.007678955086444144,0.007670884965960552,,,,,,,,,,,,,,,,,,,,,,,,,,,,,,,,,,,,,,,,,,,,,,,,,,,,,,,,,,,,,,,,,,
804,,,,,,0.05380445340588617,0.0536335990922708,0.0528968259484614,0.01838683363289172,,0.018323729390107228,,,,,0.018325487934278923,0.16304901094731403,0.15277568952357193,0.15612179646246377,0.14584847503872164,,0.007903443203680619,0.007894400694180277,0.00790167524915981,0.14313457947701158,,,,,,,,,,,,,,,,,,,,,,,,,,,,,,,,,,,,,,,,,,,,,,,,,,,,,,,,,,,,,,,,,
805,,,0.10201136523804744,0.10201136523804744,0.10201136523804744,0.035206035579506405,0.03526965047825538,0.03481372917290843,0.01229833612992253,,0.012256126282940842,,,,,0.01225730394142258,0.11898590993713556,0.11588490377560073,,0.10963025659179251,0.1038884025538125,,,,0.10347524984256032,,,,,,,,,,,,,,,,,,,,,,,,,,,,,,,,,,,,,,,,,,,,,,,,,,,,,,,,,,,,,,,,,
806,,,,,,0.05352162201651717,0.05358850710692451,0.05290475726737712,0.018742862531078677,,0.018678583386968418,,,,,0.018676598480009788,0.1577120264499438,0.15630885013134196,0.15015840852851575,0.14921112713026738,,0.008017829749954386,0.008017829749954384,,0.14644832344527792,0.008012674025868673,,,,,,,,,,,,,,,,,,,,,,,,,,,,,,,,,,,,,,,,,,,,,,,,,,,,,,,,,,,,,,,,
807,,,0.10229654894800412,0.10229654894800412,0.10229654894800412,0.03480091245077125,0.03516242192737258,0.034506616804690006,0.012517302410451353,,0.012474277332136857,,,,,0.012472914150170452,0.11854255893055028,0.11544513411424452,,0.10969973341177505,0.10398247208700276,,,,0.10350600953682261,,,,,,,,,,,,,,,,,,,,,,,,,,,,,,,,,,,,,,,,,,,,,,,,,,,,,,,,,,,,,,,,,
808,,,0.10283457166982385,0.10283457166982385,0.10283457166982385,0.035062609109000865,0.03524201360659508,0.03476546991265755,,,0.012204543229894881,,,,,0.012203211335880346,0.11825456242270288,0.1151646627310314,,0.10943322035166059,0.10372984898599531,,,,0.10325454399097352,,0.012181599314135955,,,,,,,,,,,,,,,,,,,,,,,,,,,,,,,,,,,,,,,,,,,,,,,,,,,,,,,,,,,,,,,
809,,,0.10029370202064362,0.10029370202064361,0.10029370202064362,0.0352246303096248,0.0354166443416019,0.03493227580934295,,,0.011998602336483963,,,,,0.011994907518373264,0.1196382626617434,0.11687075613632562,,0.11104935125949973,0.10525857873560919,,,,0.10475883110256144,,0.01197605372690306,,,,,,,,,,,,,,,,,,,,,,,,,,,,,,,,,,,,,,,,,,,,,,,,,,,,,,,,,,,,,,,
810,,,0.10204406791207704,0.10204406791207704,0.10204406791207701,0.03592200664252179,0.03611337621191578,0.03562192419634923,,,,,,,,,0.12239264535553662,0.11951380410639477,,0.11345832963209565,0.10747078296947138,,,,0.10704136812160253,,,0.00545461242251781,0.005452183247888276,0.005426763357475108,,,,,,,,,,,,,,,,,,,,,,,,,,,,,,,,,,,,,,,,,,,,,,,,,,,,,,,,,,,,
811,,,0.1019485087882088,,0.1019485087882088,0.036296765604531316,0.03649352663070649,0.03599742780442735,,,,,,,0.09889969675861843,,0.12286323496312433,0.11997332480726994,,0.11389456753400574,0.10788399924923912,,,,0.10745293333676452,,,0.005460296781123354,0.00545195215569636,0.005435256798075305,,,,,,,,,,,,,,,,,,,,,,,,,,,,,,,,,,,,,,,,,,,,,,,,,,,,,,,,,,,,
812,,,0.07577375480158209,,0.07577375480158209,0.02735188509636319,0.027620388629228457,0.027254575439484806,,,,,,,0.07593273178668737,,0.07876348845623107,0.08118330022838986,0.07538913553589092,0.07801100286411437,0.07450793058201881,,,,,,,,,,0.10475782390925589,0.10052801550334041,0.09715221236583059,,,,,,,,,,,,,,,,,,,,,,,,,,,,,,,,,,,,,,,,,,,,,,,,,,,,,,,,,
813,,,0.07649734889939733,,0.07649734889939733,0.02777748415417354,0.028051949299737117,0.027678898414223684,,,,,,,0.07668200957803627,,0.0784695033015899,0.08146329016826914,0.0727349430298326,0.07537608664059164,0.07192850312116618,,,,,,,,,,0.10628347353487363,0.1019920639485393,0.09856709701017238,,,,,,,,,,,,,,,,,,,,,,,,,,,,,,,,,,,,,,,,,,,,,,,,,,,,,,,,,
814,,,0.07827747442771932,,0.07827747442771932,0.026975218131249777,0.02725861095360545,0.02721344656896124,,,,,,,0.07846643223812623,,0.07925491752054806,0.08227866969444461,0.07346295908788235,0.07613053834126586,0.07264844738897445,,,,,,,,,,0.10316790946481443,0.10038422963914091,,0.09620367211554799,,,,,,,,,,,,,,,,,,,,,,,,,,,,,,,,,,,,,,,,,,,,,,,,,,,,,,,,
815,,,,,,0.03713125628654836,0.03754265154893683,0.03748051114601304,,,,,,,,,0.10042491595226655,0.10425635086411683,0.09308585161409882,0.09646597527958109,0.09205377346091981,,,,,,,0.005320122734358021,0.005296711216314391,0.005282207287160079,0.13183211578942958,0.1290784710033141,,0.1247490858169426,,,,,,,,,,,,,,,,,,,,,,,,,,,,,,,,,,,,,,,,,,,,,,,,,,,,,,,,
816,,,,,,0.036886836628902665,0.03729552384693049,0.03723379248850256,,,,,,,,,0.10096438692947889,0.10482289267688571,0.09385517761572701,0.09725401324267484,0.09276455505490995,,,,,,,0.005273661172952507,0.005253932469087891,0.005240516383566104,0.13097583148546385,0.12824007234727972,,0.12393880765763779,,,,,,,,,,,,,,,,,,,,,,,,,,,,,,,,,,,,,,,,,,,,,,,,,,,,,,,,
817,,,,,,0.03460150643911535,0.03566243745234392,0.03560686639000751,,,,,,,,,0.11163049970494013,0.11038214432926056,,0.10112040031842061,0.09617830080112182,,,,0.09037456504064408,,,0.005341605848619686,0.0053195066152270844,0.005306985746604394,0.12595784889762418,0.12332690292660402,,0.11919042948946666,,,,,,,,,,,,,,,,,,,,,,,,,,,,,,,,,,,,,,,,,,,,,,,,,,,,,,,,
818,,,,,0.06920978522849232,0.027490527969849805,0.028329323558917388,0.028289274919369053,,,,,,,0.06941859799304097,,0.08085254543469732,0.08394103282170672,0.07513786594655714,0.07785996593168237,0.07426532038682104,,,,,,,,,,0.10975936234936406,0.1069660668586028,0.1015353684452377,,0.0669449621556614,,,,,,,,,,,,,,,,,,,,,,,,,,,,,,,,,,,,,,,,,,,,,,,,,,,,,,,
819,,,,,,0.03564197246340593,0.03672948629074172,0.036677562496861,,,,,,,,,0.10130321432318344,0.10517289706500095,0.09414307610041171,0.09755369819919275,0.09304983074407251,,,,,,,0.00546995572789616,0.005449653051199501,0.0054349633145725496,0.13119366737912125,0.1286280321475318,0.12355199069680874,,,,,,,,,,,,,,,,,,,,,,,,,,,,,,,,,,,,,,,,,,,,,,,,,,,,,,,,,
820,,,,,,0.035862349180639116,0.036960896886796636,0.036910891130984884,,,,,,,,,0.10161213811787413,0.10551566128062362,0.09475348510779093,0.09817467828354431,0.09371401645814088,,,,,,,0.005642118785963293,0.005621167816827927,0.005572187154990025,0.12977877736659582,0.12734974118818315,0.12253189124104528,,,,,,,,,,,,,,,,,,,,,,,,,,,,,,,,,,,,,,,,,,,,,,,,,,,,,,,,,
821,,,,,,,,,,,,,,,,,,,,,,,,,,,,,,,,,,,,0.17866915943164138,0.16814491638683313,0.12333836956215438,0.12333836956215438,0.10699542554132419,0.04301363392821421,0.04179934581212375,0.037698295809966136,0.03552413854349135,0.03457210224648108,0.03435688439885277,0.024408617126895963,0.02408376944531472,0.024056972204552707,,,,,,,,,,,,,,,,,,,,,,,,,,,,,,,,,,,,,,,,,
822,,,,,,,,,,,,,,,,,,,,,,,,,,,,0.0035287554485233415,0.003509461667801991,0.003490670232535161,,,,,,0.207505502039798,0.19354185781121172,0.1625949856486196,0.1625949856486196,,,,,0.039164406782973074,0.03819708422539831,,,,,0.13997564440300214,0.03815082093067891,0.0026154821168887315,0.002577571005817216,0.0025527720381321607,,,,,,,,,,,,,,,,,,,,,,,,,,,,,,,,,,,,
823,,,,,,,,,,,,,,,,,,,,,,,,,,,,0.003962030603820149,0.003940721099536528,0.003919910005329074,,,,,,0.21779920480940676,0.20497006421417632,0.15035050760063445,0.15035050760063445,0.1304283216827938,,,,0.04258604273500308,0.041495460816755335,,,,,,0.04145408342634011,0.0029524321731906047,0.002909569630692932,0.002881143601686339,,,,,,,,,,,,,,,,,,,,,,,,,,,,,,,,,,,,
824,,,,,,,,,,,,,,,,,,,,,,,,,,,,0.004281087545220901,0.004258011711303946,0.004235706393383737,,,,,,0.2116639676428037,0.19047611985986335,0.15074305446482467,0.15074305446482467,,,,,0.047106956465164954,0.04591257512192202,,,,,0.1350318723761874,0.04593859231945265,0.003244562893165983,0.003198156659752989,0.003166282082129093,,,,,,,,,,,,,,,,,,,,,,,,,,,,,,,,,,,,
825,,,,,,,,,,,,,,,,,,,,,,,,,,,,0.004371285251513721,0.004354799533335827,0.0043323482293370925,,,,,,0.21191549361672596,0.1907024677455721,0.1509221864824681,0.1509221864824681,,,,,0.04633427287238755,,,,,,,0.04556465279855615,0.0033721161923944455,0.0033268934839659806,0.0032938108246430126,0.13519233437445857,0.0453951521121734,,,,,,,,,,,,,,,,,,,,,,,,,,,,,,,,,,
826,,,,,,,,,,,,,,,,,,,,,,0.005983460990927808,0.005971750860713024,0.005968598446468526,,,,,,,,,,,,0.20933245488030447,0.19105069373682004,0.15118462088335222,0.15118462088335222,,,,,0.0450635090594594,,,,,,0.13539621360551943,0.04432342625570174,0.003501064867223994,0.0034542616213903907,0.0034200389569399186,,0.04416528495182674,,,,,,,,,,,,,,,,,,,,,,,,,,,,,,,,,,
827,,,,,,,,,,,,,,,,,,,,,,0.0047474828112435115,0.004738402954602146,0.004735373903847936,,,,,,,,,,,,0.21464165523711634,0.19589622240525653,0.15501904514211007,0.15501904514211007,,,,,0.039977189924794015,0.038189638461931415,,,,,0.13883020393442685,,0.0034031426122453144,0.0033558779527335446,0.003322212394986105,,0.03812450712259622,,,,,,,,,,,,,,,,,,,,,,,,,,,,,,,,,,
828,,,,,,,,,,,,,,,,,,,,,,0.005731175581720512,0.005733140388195707,0.005716234022076253,,,,,,,,,,,,0.21063296149529906,0.19223762240082545,0.15212387609658076,0.15212387609658076,,,,,0.04380274082830285,0.04266760423541264,,,,,0.1362373811709592,,0.0034302432123802223,0.0033828968899894214,0.0033486018799374338,,0.04283164570173973,,,,,,,,,,,,,,,,,,,,,,,,,,,,,,,,,,
829,,,,,,,,,,,,,,,,,,,,,,0.006013741696415892,0.006015546672784339,0.005997525538230131,,,,,,,,,,,,0.21307719258624133,0.18983383711810056,0.15024438250780958,0.15024438250780958,,,,,0.0450682841453993,0.043896706806291916,,,,,0.13460744450698725,,0.00369361233816279,0.0036425280950597378,0.0036050443944384363,,0.04405977108626914,,,,,,,,,,,,,,,,,,,,,,,,,,,,,,,,,,
830,,,,,,0.051496998817394765,0.05301778488224823,0.05120082999722717,0.020638603137306397,,,,,,,0.02047186912108781,0.15695269020229077,0.1626001903250564,0.14608563543989392,0.14501129182111797,0.14501129182111797,0.009000981810226915,0.009003679568324449,0.008976704459448372,,,,,,,,,,,,,,,,,,,,,,,,,,,,,,,,,0.020531448597258917,,,,,,,,,,,,,,,,,,,,,,,,,,,,,,,,,
831,,,0.1029707738411452,0.1029707738411452,,,,,,,,,,,,,0.10962528809370757,0.11356984506287761,0.10203507726315457,0.10128469045189221,0.10128469045189221,0.006053480575247562,0.006055812801955092,0.006036617945187036,,,,,,,,,,,,,,,,,,,,0.04770154045847197,0.04642348540060253,,,,,,0.04650195778656368,,,,,,,0.10748596602615752,,,,,,,,,,,,,,,,,,,,,,,,,,,,,,,,
832,,,,,,,,,,,,,,,,,,,,,,0.00581572723152021,0.00581797025982148,0.005799521453198352,,,,,,,,,,,,0.20499193492290893,0.18065271946893377,0.15835191569513615,0.15835191569513615,,,,,0.04363177565587336,0.042463006243126294,,,,,0.1414487486111598,0.04254873212867195,0.003419432610976833,0.003371035803525636,0.0033355642200110316,,,,,,,,,,,,,,,,,,,,,,,,,,,,,,,,,,,,
833,,,,,,,,,,,,,,,,,,,,,,0.005741723336705031,0.005744203383450293,0.0057257163585637825,,,,,,,,,,,,0.20397897153906625,0.17976002781215003,0.15756942299648025,0.15756942299648025,,,,,0.04563822481579122,,,,,,,0.043862783973973106,0.0034012617745598486,0.0033501978339624556,0.003314454936257284,0.14074978256116688,0.04359380568139315,,,,,,,,,,,,,,,,,,,,,,,,,,,,,,,,,,
834,,,,,,,,,,,,,,,0.1484381621766329,,,,,,,0.0083713648793255,0.008373842935385185,0.008348199684327363,,,,,,,,,,,0.1484381621766329,,,,,,,,,0.06845903695947547,0.06668547812530391,,,,,,0.06693864681200073,0.006543240141031835,0.006454910361859382,0.006366875107037126,,,,0.15716704026032638,0.1509768782040284,0.1484381621766329,,,,,,,,,,,,,,,,,,,,,,,,,,,,,,
835,,,,,,,,,,,,,,,0.1404355155998028,,,,,,,0.010729948828058966,0.010732890032505694,0.010699652216713124,,,,,,,,,,,0.1404355155998028,,,,,,,,,0.0815245888727765,0.07932723191057763,,,,,,0.07950063113890898,0.006600049727343046,0.006510772089006331,0.006421681871917506,,,,0.14332300325639186,0.14332300325639186,0.14043551559980277,,,,,,,,,,,,,,,,,,,,,,,,,,,,,,
836,,,,,,,,,,,,,,,0.1430590684896609,,,,,,,0.00988500581114476,0.009887517245844033,0.00985631043473986,,,,,,,,,,,0.1430590684896609,,,,,,,,,0.0787563404871396,,,,,,,0.07576289666780864,0.0059624083247975255,0.0058814314673232065,0.005799705467251762,,0.07531338932737187,,0.14685889464879798,0.146858894648798,0.1430590684896609,,,,,,,,,,,,,,,,,,,,,,,,,,,,,,
837,,,,,,,,,,,,,,,0.14419897246203736,,,,,,,0.0099471342490668,0.009949867151803043,0.0099181502362654,,,,,,,,,,,0.14419897246203736,,,,,,,,,0.07589325868879455,,0.07341387489341918,,,,,0.07340624026983372,0.006158180423782526,0.006087292612248775,0.006002984671236539,,,,0.1483130497087186,0.14831304970871861,0.14419897246203736,,,,,,,,,,,,,,,,,,,,,,,,,,,,,,
838,,,,,,,,,,,,,,,0.1438827768351944,,,,,,,0.009927316636280641,0.009930489349509415,0.00989837570121355,,,,,,,,,,,0.14388277683519443,,,,,,,,,0.0774261361539798,,,,,,,0.07382708448987685,0.005988148542546226,0.005914288263167481,0.00583188999360327,,,,0.14798783284398692,0.14798783284398692,0.14388277683519443,0.07363227467626572,,,,,,,,,,,,,,,,,,,,,,,,,,,,,
839,,,,,,,,,,,,,,,,,,,,,,0.00632960203403025,0.0063316256313413,0.006311041308069066,,,,,,,,,,,,0.21025136821528143,0.1877414449739643,0.1476109749746202,0.1476109749746202,,,,,0.04956300990061045,,,,,,0.1322707768671936,0.04725913885497295,0.0038995691223356593,0.003871538353474623,,,,,,,,0.04713443470208142,0.003814500087404486,,,,,,,,,,,,,,,,,,,,,,,,,,,,
840,,,,,,,,,,,,,,,0.14157753144349178,,,,,,,0.010535314514231103,0.010539175446475717,0.0105044062401895,,,,,,,,,,,0.14157753144349175,,,,,,,,,0.08060750369963099,,,,,,,0.07689288032554092,0.006567808788915193,0.006521324701775924,,,,,0.1450842339186294,0.1450842339186294,0.14157753144349175,0.07650641996649078,0.006424104149015759,,,,,,,,,,,,,,,,,,,,,,,,,,,,
841,,,,,,,,,,,,,,,0.14244011767312476,,,,,,,0.009930309514270253,0.009914378156349591,,,,,,,,,,,,0.14244011767312476,,,,,,,,,0.08006491701691396,,,,,,,0.07637529758267543,0.006409139183240817,0.006363628565722916,,,,,0.14572654420865722,0.14572654420865722,0.14244011767312476,0.0759914385725642,0.006282371912227028,0.009895078059347084,,,,,,,,,,,,,,,,,,,,,,,,,,,
842,,,,,,,,,,,,,,,0.14120867888114033,,,,,,,,,,,,,0.009502010731212901,0.009458956555239489,0.00944762727992658,,,,,0.14120867888114033,,,,,,,,,0.08174797343201444,,0.07773851692515092,,,,,0.07817769642371011,0.007426758954295316,0.007397857127759352,,,,,0.14411050362733888,0.14411050362733888,0.14120867888114033,,0.007255558672592192,,,,,,,,,,,,,,,,,,,,,,,,,,,,
843,,,,,,,,,,,,,,,,,,,,,,,,,,,,0.010050128431434805,0.010004973594123279,0.00999152257926591,,,,,,,,,,,,,,0.0863923524315491,,,,,,,0.08329952237559025,0.007777559503715178,0.007717050488240119,,,0.08278127572184157,,0.14495270171297508,0.13954347816601742,0.13639892421287494,,0.0075973414779787725,,0.1367465846521967,0.1367465846521967,,,,,,,,,,,,,,,,,,,,,,,,,
844,,,,,,,,,,,,,,,,,,,,,,0.005912332019552608,0.005903984155145914,,,,,,,,,,,,,0.19196833278053455,0.17425234715565127,0.16043435160524258,0.15447484208830972,,,,,0.04807499793362346,,,,,,,0.04637462079827146,0.004508884427376694,0.0044782995625597816,,0.1472411325086966,0.046084829402487884,,,,,,0.004398932778489088,0.005892112784058356,,,,,,,,,,,,,,,,,,,,,,,,,,,
845,,,,,,,,,,,,,,,,,,,,,,0.006019123245590907,0.006019123245590907,,,,,,,,,,,,,0.19191833648473497,0.17420696481698122,0.16039256802988358,0.1544346106095716,,,,,0.04751301231380958,,,,,,,0.04649644270995189,0.004579108614624323,0.0045536080206724895,,0.1472027849796633,0.04618424598923548,,,,,,0.0044730732878115725,0.006006997651878309,,,,,,,,,,,,,,,,,,,,,,,,,,,
846,,,,,,,,,,,,,,,,,,,,,,0.006427230741516643,0.006427230741516643,,,,,,,,,,,,,0.19720972194198444,0.18018325557564796,0.1523554996810142,0.14702325933443572,,,,,0.050595076123767596,,,,,,,0.04951256390263992,0.004937062080722253,0.004908644850547358,,0.14001234827969716,0.049180115672544274,,,,,,0.004813452806052449,0.006414538267913301,,,,,,,,,,,,,,,,,,,,,,,,,,,
847,,,,,,,,,,,,,,,,,,,,,,0.006415130542758569,0.006415130542758569,,,,,,,,,,,,,0.1973378132843604,0.18030028791489108,0.15245445738086952,0.14711875364609125,,,,,0.050420211527923836,,,,,,,0.04934144064047022,0.004949308645361318,0.004907663743198506,,0.14010328887564624,0.04901014140410773,,,,,,0.0048244807267904906,0.006401891124772303,,,,,,,,,,,,,,,,,,,,,,,,,,,
848,,,,,,,,,,,,,,,,,,,,,,0.006043024827486442,0.006043024827486442,,,,,,,,,,,,,0.19727980766863273,0.17468094225506178,0.16091459268087271,0.15373055480542405,,,,,0.04659781148442282,,,,,,,0.04560082315523647,0.004382935151114246,0.004346006188912969,,0.1447786534103277,0.045294640001831754,,,,,,0.004276383585292913,0.006030799957896944,,,,,,,,,,,,,,,,,,,,,,,,,,,
849,,,,,,,,,,,,,,,,,,,,,,0.006490471032479515,0.006490471032479515,,,,,,,,,,,,,0.20395858825697302,0.18257546420607043,0.1507629580422549,0.1445358343845438,,,,,0.050311618661298164,,,,,,,0.04924154281774855,0.004819897066454862,0.004768850416900793,,0.13595435458710484,0.04891034343549959,,,,,,0.00470227857346585,0.006477327486726112,,,,,,,,,,,,,,,,,,,,,,,,,,,
850,,,,,,,,,,,,,,,,,,,,,,0.006571511064320416,0.006571511064320416,,,,,,,,,,,,,0.2043541266579226,0.18292953415616103,0.15105533376350347,0.14481613379875793,,,,,0.04938806719954845,,,,,,,0.04934446569336609,0.004448902341024925,0.004401484962979306,,0.1362180118739839,0.04900272782102531,,,,,,0.004339986134522416,0.006558203468563786,,,,,,,,,,,,,,,,,,,,,,,,,,,
851,,,,,,,,,,,,,,,,,,,,,,0.006544824880776427,0.006544824880776429,,,,,,,,,,,,,0.2044697759277815,0.1830330586966573,0.15114081987207262,0.14489808898317974,,,,,0.04924076901758905,,,,,,,0.04914808146862275,0.004501803087601714,0.004429867714250027,,0.1362951011594928,0.04883039044651449,,,,,,0.00439075078673489,0.0065318430779502425,,,,,,,,,,,,,,,,,,,,,,,,,,,
852,,,,,,,,,,,,,,,,,,,,,,0.0065822008950341855,0.0065822008950341855,,,,,,,,,,,,,0.204544424225677,0.18309988082833092,0.1511959987115602,0.1449509887120606,,,,,0.049151667696614276,,,,,,,0.04906164921632394,0.00445122112522454,0.004380084516427679,,0.13634486008971552,0.04874451437041187,,,,,,0.004341166878136757,0.006569141839448356,,,,,,,,,,,,,,,,,,,,,,,,,,,
853,,,,,,,,,,,,,,,,,,,,,,0.00575342086869739,0.00575342086869739,,,,,,,,,,,,,0.1941447599778921,0.17839357580292364,0.16451211739668894,0.15705738067903022,,,,,0.0429191712202741,,,,,,,0.04301945567806852,0.0040668550075329355,0.003997121441237064,,0.14795203918313451,0.04273834462394147,,,,,,0.003950104800601421,0.005742232451280359,,,,,,,,,,,,,,,,,,,,,,,,,,,
854,,,,,,,,,,,,,,,,,,,,,,0.00663282294376653,0.00663282294376653,,,,,,,,,,,,,0.20399953420077063,0.18270796513276877,0.15106440056942388,0.14484831926861844,,,,,0.04925493344512848,,,,,,,0.04936777202990882,0.0045838180014245375,0.004504126967209327,,0.1362981471702626,0.04904465099170612,,,,,,0.004440799879753549,0.0066198864554917036,,,,,,,,,,,,,,,,,,,,,,,,,,,
855,,,,,0.14456158289509044,,,,,,,,,,,,,,,,,0.006615351867454521,0.006615351867454521,,,,,,,,,,,,,0.19575734812968468,0.17860445003499326,0.1568469572686893,,,,,,0.04870187574097803,,,,,,,0.04877325048087736,0.0047113460178927775,0.004629351308345845,,0.14456158289509044,0.04845523563145423,,,,,,0.004571282552138188,0.006595033309856522,,,,,,,,,,,,,,,,,,,,,,,,,,,
856,,,,,0.14456898231698798,,,,,,,,,,,,,,,,,0.006736625248584824,0.006736625248584824,,,,,,,,,,,,,0.1957673680200272,0.17861359194982374,0.15685498552064206,,,,,,0.04777797585996648,,,,,,,0.04866545609970496,0.00495703718461548,0.0048735385642214414,,0.14456898231698798,0.04835104058436331,,,,,,0.004811526559025277,0.006716264526464379,,,,,,,,,,,,,,,,,,,,,,,,,,,
857,,,,,,,,,,,,,,,,,,,,,,,,,,,,,,,,,,,,0.14261061444451706,0.12681188662817208,0.10300504232585156,0.08793864001992686,,,,,0.029158111957099615,,,0.024966223123059256,0.024220211571950655,,,0.029791240886525842,,,,0.09250279512416176,0.02959532545792615,,,,,,,,,,0.10271509125176155,0.09124458279397325,0.09124458279397324,0.02419565162110109,,,,,,,,,,,,,,,,,,,,,
858,,,,,,,,,,,,,,,,,,,,,,,,,,,,,,,,,,,,0.14435232761150335,0.1283606488541184,0.10426304993758309,0.08901264063205637,,,,,0.029760154893842622,,,0.024989438156880567,0.024031909761246976,,,0.029992178530733587,,,,0.0936325380740701,0.02978978151375383,,,,,,,,,,0.09997090379428604,,0.08880684714467046,0.024230733950584265,0.08880684714467046,,,,,,,,,,,,,,,,,,,,
859,,,,,,,,,,,,,,,,,,,,,,,,,,,,,,,,,,,,0.14008922099645993,0.12456981887378044,0.1011838858863476,0.08638386156503451,,,,,0.03052693467200168,,,0.025749960152548136,0.025066138584943786,,,0.030767674733295405,,,,0.09086732119775376,0.03055995790561211,,,,,,,,,,0.10410750423220783,,0.09248150075733584,0.025164719685343093,0.09248150075733584,,,,,,,,,,,,,,,,,,,,
860,,,,,,,,,,,,,,,,,,,,,,,,,,,,,,,,,,,,0.14065316772482073,0.12507129030253608,0.10159121430892393,0.08673161063356565,,,,,0.030583658619992873,,,0.02399584684091388,0.02463096392161348,,,0.03082484601498921,,,,0.0912331189953279,0.030616743216075694,,,,,,,,,,0.10442591558007432,,0.0927643541359278,0.024112915569310733,0.0927643541359278,,,,,,,,,,,,,,,,,,,,
861,,,,,,,,,,,,,,,,,,,,,,0.0069844304420182855,0.0069844304420182855,,,,,,,,,,,,,0.20149640662472706,0.18385657760744098,0.14654081537464836,,,,,,0.05081336516282859,,,,,,,0.05099630860737037,0.0048643818507238664,0.004792041089392767,,0.13467569450629283,0.050659024156378296,,,,,,0.004717738702702874,0.006974757980223174,0.1456440274532342,,,,,,,,,,,,,,,,,,,,,,,,,,
862,,,,,,,,,,,,,,,,,,,,,,,,,,,,,,,,,,,,0.16152294239070653,0.14738255580084775,0.11746960690832392,,,0.04825812123969228,0.045411794422157634,0.04423760210917204,0.03808976385719394,,,0.032721725702228435,0.032286579219959824,,,0.03783900540736524,,,,0.10795832446621323,0.037603881981133895,,,,,,,,0.11675072647668903,,,,,0.0324673700183162,,,,,,,,,,,,,,,,,,,,,
863,,,,,,,,,,,,,,,,,,,,,,,,,,,,,,,,,,,,0.15880237872994518,0.14490016153779608,0.11549104250707827,,,0.04951860815015622,0.046597936173625766,0.04539307432766075,0.03878764885056968,,,0.03456364179374357,0.03410661480223938,,,0.03854184962633702,,,,0.10613996052315794,0.03830085568233877,,,,,,,,0.11478427032427661,,,,,0.03407195697107467,,,,,,,,,,,,,,,,,,,,,
864,,,,,,,,,,,,,,,,,,,,,,,,,,,,,,,,,,,,0.16097157088526784,0.15340161466185498,0.12464141789493526,0.10612948977678968,,0.0465834845874532,0.045560649083580824,0.042465285542081475,0.037733583536270134,,,0.03257872199307114,,,,0.03706803114754183,,,,0.1118233470890979,0.03693193450415926,,,,,,,,,,,,,0.03221948085530439,,0.03189138844259208,,,,,,,,,,,,,,,,,,,
865,,,,,,,,,,,,,,,,,,,,,,,,,,,,,,,,,,,,0.16988261218069495,0.16171945561965917,0.1244712221263926,0.11085045809962993,,0.043811414984114165,0.04284450114916963,0.03989176499987757,0.0353545265177531,,,0.030555537017917134,,0.02997745700802926,,0.034724849212914306,,,,0.11085045809962993,0.034597572826380894,,,,,,,,,,,,,0.030468170157837263,,,,,,,,,,,,,,,,,,,,,
866,,,,,,,,,,,,,,,,,,,,,,,,,,,,,,,,,,,,0.16985803483683598,0.16169605926014702,0.12445321456230189,0.11083442108565503,,0.04366402353523973,0.042209773953532016,0.03976814111791543,0.035670378254163436,,,0.03058560439452184,,0.03000695554012783,,0.03502471072951442,,,,0.11083442108565503,0.03489611008102077,,,,,,,,,,,,,0.03049815156336959,,,,,,,,,,,,,,,,,,,,,
867,,,,,,,,,,,,,,,,,,,,,,,,,,,,,,,,,,,,0.1710794342930799,0.16285876833685825,0.12534812123386568,0.11163139899592674,,0.043779629245887124,0.04232128579216569,0.03987466481907667,0.0349219654015598,,,,,0.0294070413812386,,0.034020103340944456,,,,0.11163139899592676,0.03389804957069489,,,,,,,,,,,,,0.0298923148797825,,0.029335823712992894,,,,,,,,,,,,,,,,,,,
868,,,,,,,,,,,,,,,,,,,,,,,,,,,,,,,,,,,,0.16972035553784953,0.16156499569221394,0.12435233837264144,0.11074458367870928,,0.04318215749759883,0.041735278403718795,0.03930065563996007,0.036111459559180915,,,0.03016354527717645,,0.03032773988318999,,0.03567981082027047,,,,0.11074458367870926,0.035538235064282844,,,,,,,,,,,,,0.030834260894498228,,,,,,,,,,,,,,,,,,,,,
869,,,,,,,,,,,,,,,,,,,,,,,,,,,,,,,,,,,,0.17096190581808263,0.1627468873105873,0.1252620093432503,0.11155471024523021,,0.043041624685144254,0.041614244629047205,0.03918522399488496,0.03532697102193922,,,0.029597048731388055,,0.02958628744213141,,0.034904699458361034,,,,0.11155471024523025,0.03476619930660208,,,,,,,,,,,,,0.029897477768121045,,,,,,,,,,,,,,,,,,,,,
870,,,0.08064988970436371,0.08064988970436371,,0.018196183940658257,0.018934350918457993,0.01845413735068062,0.008354315984551842,,0.008372424948268663,,,,,,,,,,,,,,,,,,,,,,,,,0.16967210456678508,0.16151906326467766,0.12431698538824777,0.11071309933680046,,,,,,,,,,,,,,,,0.11071309933680046,,0.008359417471033814,,,,,,,,,,,,,,,0.08109503808431004,,,,,,,,,,,,,,,,,,
871,,,,,,,,,,,,,,,,,,,,,,,,,,,,,,,,,,,,0.16834847467548303,0.16025903610406633,0.12334717554073882,0.10984941483182517,,0.045158693586951605,0.04407033388160297,0.04152572804652694,0.03601340370371927,,,0.03010944391609465,,0.030098979046445814,,0.03554737548569222,,,,0.10984941483182517,0.03540551589096508,,,,,,,,,,,,,0.030417010458062832,,,,,,,,,,,,,,,,,,,,,
872,,,,,,,,,,,,,,,,,,,,,,0.00616224177641119,0.00616224177641119,,,,,,,,,,,,,0.20760973611732095,0.1976337252839203,0.1521134932418785,0.13546786253833887,,,,,0.04762592659297623,,,,,,,0.04676357038614294,0.004126954249449667,0.004067371978890973,,0.13546786253833884,0.04663140491530885,,,,,,0.004013281775150736,0.0061543268294608315,,,,,,,,,,,,,,,,,,,,,,,,,,,
873,,,,,,,,,,,,,,,,,,,,,,,,,,,,,,,,,,,,0.1685440221275881,0.16038896380336332,0.12442336487313364,0.11077561040532385,,0.04406216481314795,0.04406216481314795,0.04150510888829488,0.03540746963338561,,,0.029977229535997404,,0.02996581196328403,,0.03503061761943652,,,,0.11077561040532387,0.034799435836398426,,,,,,,,,,,,,0.030282425282174442,,,,,,,,,,,,,,,,,,,,,
874,,,,,,,,,,,,,,,,,,,,,,,,,,,,,,,,,,,,0.17029368733443587,0.16205397087977372,0.12571501099436272,0.11192557840090661,,0.04342792922691219,0.04342792922691219,0.04090767984278209,0.034159845608770646,,,0.029633462011284473,,0.02962071874463715,,0.03381388786730268,,,,0.11192557840090661,0.03358881885210774,,,,,,,,,,,,,0.02950590260890538,,,,,,,,,,,,,,,,,,,,,
875,,,,,,,,,,,,,,,,,,,,,,,,,,,,,,,,,,,,0.17092721762575366,0.16265684759815172,0.12618269872128282,0.11234196637981621,,0.04300941304904093,0.04197285267948238,0.039549354683530456,0.03457875914651787,,,0.02998504511651804,,0.029967147315619377,,0.033709460191387514,,,,0.11234196637981617,0.032925258522377016,,,,,,,,,,,,,0.029852012590705856,,,,,,,,,,,,,,,,,,,,,
876,,,,,,,,,,,,,,,,,,,,,,,,,,,,,,,,,,,,0.17022432611027682,0.1619879657214147,0.12566380682353154,0.11187999071498524,,0.04349823183323974,0.04243541907609773,0.03995926041136846,0.03514071419462846,,,0.029926288850673912,,0.029907944353873915,,0.03425090612523249,,,,0.11187999071498524,0.033454522626963114,,,,,,,,,,,,,0.02979063244272853,,,,,,,,,,,,,,,,,,,,,
877,,,,,,,,,,,,,,,,,,,,,,,,,,,,,,,,,,,,0.1691639434864411,0.1609788900619804,0.12488100614958797,0.11118305390918337,,0.04465234196039084,0.04356133028769324,0.04101947332510321,0.034630784808184795,,,0.03031830317056106,,0.030309133465065797,,0.034332972165059907,,,,0.11118305390918337,0.03360390341218235,,,,,,,,,,,,,0.030181809889382537,,,,,,,,,,,,,,,,,,,,,
878,,,,,,,,,,,,,,,,,,,,,,,,,,,,,,,,,,,,0.16961924037568088,0.16141215726046212,0.12521711757175755,0.11148229792973369,,0.044708074688191705,0.04361570127154266,0.04107067169546843,0.034288670221073174,,,0.029994047742872402,,0.029984976107732885,,0.03399379964380106,,,,0.11148229792973369,0.0332719332993225,,,,,,,,,,,,,0.029859014262627222,,,,,,,,,,,,,,,,,,,,,
879,,,,,,,,,,,,,,,,,,,,,,,,,,,,,,,,,,,,0.169626880928696,0.16141942812278942,0.1252227580169281,0.11148731968555393,,0.0443556820037848,0.04327191606077631,0.04074695228691213,0.034604704423405366,,,0.02968980945443114,,0.029972722494204896,,0.03452058006704232,,,,0.11148731968555393,0.033745263218249825,,,,,,,,,,,,,0.029848663551671883,,,,,,,,,,,,,,,,,,,,,
880,,,,,,,,,,,,,,,,,,,,,,,,,,,,,,,,,,,,0.16990014704787695,0.1616794721703014,0.12542448982340287,0.1116669239264712,,0.04398422025681735,0.042909530436017036,0.04040571226091491,0.03460530475692301,,,0.029750386919065588,,0.030037343581533427,,0.03445899964779591,,,,0.1116669239264712,0.03368408091535737,,,,,,,,,,,,,0.029826464331051836,,,,,,,,,,,,,,,,,,,,,
881,,,,,,,,,,,,,,,,,,,,,,,,,,,,,,,,,,,,0.17592257899951202,0.16741050675762004,0.12987039801215286,0.11562516917982035,,0.04075866842913338,0.03976037309245313,0.037433747948725324,0.032996934520161496,,,0.02729386942179582,,0.027538878311896987,,0.03088319454134839,,,,0.11562516917982035,0.031527238951288165,,,,,,,,,,,,,0.02735327265427162,,,,,,,,,,,,,,,,,,,,,
882,,,,,,,,,,,,,,,,,,,,,,,,,,,,,,,,,,,,0.17032522719173623,0.16208398467063417,0.12573829449693608,0.11194630798182229,,0.04428202691507493,0.043187159499000025,0.04064226898600612,0.0347340927394262,,,0.029563025310982035,,0.029848565023155825,,0.03309415700189054,,,,0.11194630798182229,0.032899584657087595,,,,,,,,,,,,,0.029708997544425738,,,,,,,,,,,,,,,,,,,,,
883,,,,,,,,,,,,,,,,,,,,,,,,,,,,,,,,,,,,0.18201363209226745,0.1732068422294221,0.13436696402413412,0.11962851569928595,,0.03659039172523703,0.035685254592785896,0.033583836313648315,0.0303711595549755,,,0.026132685965414924,,0.026123650302743946,,0.028416345246239014,,,,0.119628515699286,0.028246408991597038,,,,,,,,,,,,,0.026005797562962816,,,,,,,,,,,,,,,,,,,,,
884,,,,,,,,,,,,,,,,,,,,,,,,,,,,,,,,,,,,0.1818477078085481,0.1730489462471165,0.13424447461493458,0.11951946191275555,,0.036712929334945965,0.03580476098759276,0.033696305266088966,0.030680823098204173,,,0.02594447862807134,,0.02632129823078147,,0.028394453631429572,,,,0.11951946191275556,0.028224927786803796,,,,,,,,,,,,,0.026039970539971768,,,,,,,,,,,,,,,,,,,,,
885,,,0.0816079437309306,0.0816079437309306,0.0816079437309306,0.016701218393175166,0.016845084414158627,0.016784111770027605,,,,,,,,,,,,,,,,,,,,,,,,,,,,0.16133895488486727,0.15353251612514932,0.11910440606842516,0.10604007774300489,,,,,,,,,,,,,,,,0.10604007774300489,,,,,,,,,,,,,,,,,,0.0195965738884651,0.0195965738884651,0.0195965738884651,,,,,,,,,,,,,,,
886,,,0.07747902357551786,0.07747902357551786,0.07747902357551786,,0.016176106869723393,0.016115231388849054,,,,,,,,,,,,,,,,,,,,,,,,,,,,0.16597378744899693,0.161334552551696,0.11821385714070792,0.11821385714070792,0.10245663744942927,,,,,,,,,,,,,,,,,,,,,,,,,,,,,,,,,0.01767446106427314,0.01767446106427314,,0.01767446106427314,0.01605551609051656,,,,,,,,,,,,,
887,,,0.07211675863219993,,0.07211675863219993,0.016233819406388284,0.016377306003481338,0.01631620041428112,,,,,,,,,,,,,,,,,,,,,,,,,,,,0.1709434612229397,0.1661653159328916,0.12175347815302785,0.12175347815302785,0.1055244475652601,,,,,,,,,,,,,,,,,,,,,,,,,,,,,,,,,,,0.016976808446456552,,,0.06974159675677456,0.017003762234614507,0.016976808446456552,,,,,,,,,,
888,,,0.0739494871974015,,0.07394948719740149,0.01686088828931996,0.017009963847377935,0.01694643056212921,,,,,,,,,,,,,,,,,,,,,,,,,,,,0.17798852240749216,0.1605126470273799,0.1179155613727532,0.1179155613727532,0.10241631413386793,,,,,,,,,,,,,,,,,,,,,,,,,,,,,,,,,,,0.01750118233372083,,,0.07200380318581442,0.017528968738867532,0.01750118233372083,,,,,,,,,,
889,,,0.07550247933363706,,0.07550247933363706,,,,,,,,,,,,,,,,,,,,,,,,,,,,,,,0.16883433096074169,0.15225726358670327,0.11185100390153617,0.11185100390153617,,,,,,,,,,,,,,,,0.097148903998817,,,,,,,,,,,,,,,,,,,,,,,0.07351593456582149,,,0.032973488844429855,0.03127547823955585,0.02924908744436126,0.013397880955065325,0.013371027864605542,0.0132696370695523,,,,
890,,,0.07100511343046616,,0.07100511343046617,,,,,,,,,,,,,,,,,,,,,,,,,,,,,,,0.16518582648479282,0.14653672798086662,0.12312294530498435,0.12312294530498435,,,,,,,,,,,,,,,,0.1061549219555488,,,,,,,,,,,,,,,,,,,,,,,0.06908537718665939,,,0.031106636468593313,0.02950476173659768,0.02759309863941013,0.012239109629073328,0.012216284842863943,0.01212113760469299,,,,
891,,,0.07651996851429484,,0.07651996851429484,,,,,,,,,,,,,,,,,,,,,,,,,,,,,,,0.1620193757825631,0.14372776225365166,0.12076279888735297,0.120762798887353,0.10412003594671661,,,,,,,,,,,,,,,,,,,,,,,,,,,,,,,,,,,,,,0.07401980447415284,,,0.030129802812612565,0.02858082083914132,0.026692770273781467,0.012094335362677244,0.012071987698552078,0.011977769752855465,,,,
892,,,,,,,,,,,,,,,,,,,,,,,,,,,,0.003985084689526144,,,,,,,,0.2196209934378806,0.19482629024020512,0.1636967537609401,0.1636967537609401,,,,,0.0328527965174344,,,,,,,,0.0030678635437302,0.0030136388226333416,,0.14113710549097636,,,,,,0.03175801208942037,0.002982128343066141,0.003990704810134385,,,,,,,,,,,,,,,,,,,,,,,,0.031388069655415976,0.003983804837696902,,
893,,,,,,,,,,,,,,,,,,,,,,,,,,0.004016268152446106,,0.00401755949868118,,,,,,,,0.22269502860568274,0.19755327393350225,0.165988017314752,0.165988017314752,,,,,0.028536421308850295,,,,,,,,0.0030962572690423564,0.0030418111952814843,,0.14311260163535464,,,,,,0.027660791038180935,0.00300947502496551,0.004023414703538511,,,,,,,,,,,,,,,,,,,,,,,,0.027261063004969954,,,
894,,,,,,,,,,,,,,,,,,,,,,,,,,0.00399261563439148,,0.003993899694003894,,,,,,,,0.21883007632848106,0.19412466584674565,0.16310723560388235,0.16310723560388235,,,,,0.033729372223919536,,,,,,,,0.0030384532381636012,0.0029899361204084973,,0.14062883098699314,,,,,,0.03262917351683538,0.002953189386062601,0.003999903194497361,,,,,,,,,,,,,,,,,,,,,,,,0.03287541262173327,,,
895,,,,,,,,,,,,,,,,,,,,,,,,,,0.003958885528212894,,0.003960164067212278,,,,,,,,0.2185260696103904,0.19385498078537441,0.16288064108714714,0.16288064108714714,0.1404334642892586,,,,0.03376539448859045,,,,,,,,0.00344907472381106,0.0033943883549323534,,,,,,,,0.0326647221606619,0.003352228985321426,0.003966336785023126,,,,,,,,,,,,,,,,,,,,,,,,0.03291300804691691,,,
896,0.09922720563308528,,0.07232417842089907,0.07232417842089907,0.07232417842089907,,,,,,,,,,,,,,,,,,,,,,,,,,,,,,,0.17529352006898588,0.16356035333110636,0.12691085912754846,0.12691085912754846,,,,,,,,,,,,,,,,,,,,,,,,,,,,,,,,,,,,,,,,,,0.020053019222912024,0.01891632399328497,,0.011438183640053013,0.011347186548748174,,,,0.01805940077146124,0.011310553272568927
897,0.09785128922380318,,0.07073803473972343,0.07073803473972343,0.07073803473972343,,,,,,,,,,,,,,,,,,,,,,,,,,,,,,,0.17286284363136065,0.16129237276448233,0.12515107225785294,0.12515107225785294,,,,,,,,,,,,,,,,,,,,,,,,,,,,,,,,,,,,,,,,,,0.02524008255478856,0.02401669968652895,0.022551064062360175,0.011295097290974358,0.011205238530892492,,,,,0.011169063519933341
898,0.09744421856694839,,0.07161004517741477,0.07161004517741477,0.07161004517741477,,,,,,,,,,,,,,,,,,,,,,,,,,,,,,,0.1721437177837506,0.16062138117461439,0.12463043191070773,0.12463043191070773,,,,,,,,,,,,,,,,,,,,,,,,,,,,,,,,,,,,,,,,,,0.025126607220437167,0.02397019926418898,0.022463566013126757,0.011452556218996358,0.011361701017687669,,,,,0.01132505338659001
899,,,0.06412308373310996,0.06412308373310996,0.06412308373310996,,,,,,,,,,,,,,,,,,,,,,,,,,,,,,,0.161798424289037,0.1744334450084909,0.13520348086680664,0.13520348086680664,0.10443924339539384,,,,,,,,,,,,,,,,,,,,,,,,,,,,,,,,,,,,,,,,,0.023046898835997566,0.021925950029990603,0.02059733427927582,0.010373237580040445,0.010293675518764627,,,,,0.010315578130066002
900,,,0.06336724234258975,0.06336724234258974,0.06336724234258974,,,,,,,,,,,,,,,,,,,,,,,,,,,,,,,0.16202470329054752,0.17467739439143454,0.13539256619804965,0.13539256619804965,0.10458530419801208,,,,,,,,,,,,,,,,,,,,,,,,,,,,,,,,,,,,,,,,,0.02374000668065745,0.022501898961593367,0.02060070501490181,0.010373317859700937,0.010293910989815728,,,,,0.010315899189468037
